4 0.063757 0.571412 0.110897 0.101597
0 0.243846 0.559076 0.086253 0.123367
0 0.132475 0.513357 0.070140 0.078374
0 0.035322 0.733241 0.076775 0.097242
0 0.068496 0.644707 0.090045 0.088534
0 0.260908 0.448771 0.084358 0.094340
0 0.353796 0.431354 0.072984 0.085631
0 0.344791 0.386362 0.072036 0.068215
0 0.612556 0.312341 0.052131 0.047896
0 0.626773 0.262269 0.046444 0.037736
0 0.630565 0.158495 0.027487 0.042090
0 0.623930 0.233241 0.038861 0.034833
0 0.421566 0.337015 0.039809 0.065312
0 0.392657 0.318147 0.035070 0.059507
0 0.413510 0.270251 0.029383 0.044993
0 0.454741 0.278960 0.026539 0.059507
0 0.429623 0.245578 0.023696 0.053701
0 0.475119 0.159221 0.016113 0.040639
0 0.442893 0.196957 0.029383 0.040639
0 0.452371 0.155592 0.027487 0.042090
0 0.468484 0.220179 0.023696 0.040639
0 0.481754 0.104794 0.019905 0.042090
0 0.348109 0.192603 0.027487 0.046444
0 0.367539 0.158495 0.022748 0.042090
0 0.498916 0.073311 0.023417 0.030544
0 0.502819 0.042766 0.020815 0.030544