4 0.062925 0.570312 0.110544 0.101562
0 0.241071 0.559896 0.085884 0.122396
0 0.130952 0.513021 0.069728 0.078125
0 0.030612 0.735677 0.076531 0.096354
0 0.066752 0.647786 0.089286 0.095052
0 0.260629 0.447917 0.084184 0.093750
0 0.350765 0.431641 0.072279 0.084635
0 0.343537 0.386719 0.071429 0.067708
0 0.611820 0.311198 0.051871 0.046875
0 0.625850 0.260417 0.045918 0.036458
0 0.630102 0.157552 0.027211 0.041667
0 0.623724 0.231771 0.038265 0.033854
0 0.418367 0.339844 0.039116 0.065104
0 0.391582 0.317057 0.034864 0.058594
0 0.412415 0.269531 0.028912 0.044271
0 0.453656 0.279297 0.026361 0.058594
0 0.428997 0.244141 0.022959 0.053385
0 0.474490 0.159505 0.015306 0.040365
0 0.442177 0.195964 0.028912 0.040365
0 0.451531 0.154948 0.027211 0.041667
0 0.466412 0.224609 0.022959 0.040365
0 0.484269 0.109375 0.019558 0.041667
0 0.347789 0.192057 0.027211 0.045573
0 0.366071 0.154948 0.021259 0.039062
0 0.497874 0.072266 0.022959 0.029948
0 0.501701 0.042318 0.020408 0.029948