4 0.062075 0.571615 0.110544 0.101562
0 0.239371 0.562500 0.085884 0.122396
0 0.128401 0.511719 0.069728 0.078125
0 0.026786 0.743490 0.084184 0.106771
0 0.066752 0.647786 0.089286 0.095052
0 0.259779 0.447917 0.084184 0.093750
0 0.346939 0.432943 0.076531 0.089844
0 0.340986 0.390625 0.071429 0.067708
0 0.611820 0.311198 0.051871 0.046875
0 0.625850 0.261719 0.045918 0.036458
0 0.630952 0.156250 0.027211 0.041667
0 0.623724 0.233073 0.038265 0.033854
0 0.414116 0.343750 0.039116 0.065104
0 0.390731 0.318359 0.034864 0.058594
0 0.413265 0.268229 0.028912 0.044271
0 0.451956 0.283203 0.026361 0.058594
0 0.428997 0.244141 0.024660 0.055990
0 0.473639 0.162109 0.015306 0.037760
0 0.443027 0.195964 0.028912 0.040365
0 0.452806 0.154297 0.028061 0.042969
0 0.464711 0.228516 0.022959 0.040365
0 0.487245 0.113932 0.020408 0.042969
0 0.348639 0.193359 0.027211 0.045573
0 0.366071 0.154948 0.021259 0.039062
0 0.498724 0.070964 0.022959 0.029948
0 0.500850 0.044922 0.020408 0.029948