4 0.061224 0.571615 0.110544 0.101562
0 0.236820 0.565104 0.085884 0.122396
0 0.128401 0.513021 0.069728 0.078125
0 0.022534 0.748698 0.084184 0.106771
0 0.066752 0.646484 0.089286 0.095052
0 0.259779 0.447917 0.084184 0.093750
0 0.341837 0.438151 0.076531 0.089844
0 0.340986 0.390625 0.071429 0.067708
0 0.612670 0.311198 0.051871 0.046875
0 0.625850 0.261068 0.044218 0.035156
0 0.631803 0.157552 0.027211 0.041667
0 0.622874 0.230469 0.038265 0.033854
0 0.412415 0.347005 0.037415 0.061198
0 0.391582 0.317057 0.033163 0.055990
0 0.413265 0.269531 0.028912 0.044271
0 0.451956 0.285807 0.026361 0.058594
0 0.428146 0.244141 0.024660 0.055990
0 0.473214 0.164062 0.016156 0.041667
0 0.442177 0.198568 0.028912 0.040365
0 0.452806 0.152995 0.028061 0.042969
0 0.463861 0.231120 0.022959 0.040365
0 0.490646 0.119141 0.020408 0.042969
0 0.347789 0.192057 0.027211 0.045573
0 0.365221 0.154948 0.021259 0.039062
0 0.499575 0.072266 0.022959 0.029948
0 0.501701 0.044922 0.020408 0.029948