4 0.062075 0.571615 0.110544 0.101562
0 0.235544 0.567057 0.090136 0.128906
0 0.126701 0.513021 0.069728 0.078125
0 0.022109 0.750000 0.079932 0.101562
0 0.067602 0.646484 0.089286 0.095052
0 0.259779 0.447917 0.084184 0.093750
0 0.341837 0.438151 0.076531 0.089844
0 0.339286 0.389323 0.071429 0.067708
0 0.612670 0.311198 0.051871 0.046875
0 0.625000 0.261068 0.044218 0.035156
0 0.630102 0.156250 0.027211 0.041667
0 0.623724 0.231771 0.038265 0.033854
0 0.411565 0.348307 0.037415 0.061198
0 0.391582 0.318359 0.033163 0.055990
0 0.413265 0.268229 0.028912 0.044271
0 0.451531 0.284505 0.027211 0.061198
0 0.428997 0.244141 0.024660 0.055990
0 0.474065 0.162760 0.016156 0.041667
0 0.442177 0.195964 0.028912 0.040365
0 0.452806 0.152995 0.028061 0.042969
0 0.463861 0.232422 0.022959 0.040365
0 0.491922 0.121094 0.019558 0.041667
0 0.347789 0.192057 0.027211 0.045573
0 0.366922 0.156250 0.021259 0.039062
0 0.499575 0.070964 0.022959 0.029948
0 0.500850 0.043620 0.020408 0.029948