4 0.061224 0.572917 0.110544 0.101562
0 0.235544 0.565755 0.090136 0.128906
0 0.126701 0.515625 0.069728 0.078125
0 0.022959 0.748698 0.079932 0.101562
0 0.066752 0.646484 0.089286 0.095052
0 0.259779 0.447917 0.084184 0.093750
0 0.341837 0.439453 0.076531 0.089844
0 0.339286 0.391927 0.071429 0.067708
0 0.611820 0.311198 0.051871 0.046875
0 0.625850 0.260417 0.045918 0.036458
0 0.630952 0.156250 0.027211 0.041667
0 0.623724 0.231771 0.038265 0.033854
0 0.412415 0.348307 0.037415 0.061198
0 0.391582 0.318359 0.033163 0.055990
0 0.413265 0.269531 0.028912 0.044271
0 0.450680 0.284505 0.027211 0.061198
0 0.428997 0.244141 0.024660 0.055990
0 0.474065 0.162760 0.016156 0.041667
0 0.443027 0.197266 0.028912 0.040365
0 0.451956 0.152995 0.028061 0.042969
0 0.464711 0.232422 0.022959 0.040365
0 0.491071 0.121094 0.019558 0.041667
0 0.347789 0.190755 0.027211 0.045573
0 0.366071 0.156250 0.021259 0.039062
0 0.497874 0.070964 0.022959 0.029948
0 0.501701 0.044922 0.020408 0.029948