4 0.062075 0.572917 0.110544 0.101562
0 0.232143 0.568359 0.090136 0.128906
0 0.125000 0.513672 0.066327 0.074219
0 0.019133 0.757812 0.084184 0.106771
0 0.067602 0.646484 0.089286 0.095052
0 0.259779 0.447917 0.084184 0.093750
0 0.335884 0.444661 0.076531 0.089844
0 0.339286 0.389323 0.071429 0.067708
0 0.611820 0.311198 0.051871 0.046875
0 0.625850 0.260417 0.045918 0.036458
0 0.631803 0.154948 0.027211 0.041667
0 0.623724 0.231771 0.038265 0.033854
0 0.409014 0.352214 0.037415 0.061198
0 0.391582 0.318359 0.033163 0.055990
0 0.414116 0.268229 0.028912 0.044271
0 0.450680 0.286458 0.028912 0.065104
0 0.428997 0.244141 0.024660 0.055990
0 0.474065 0.164062 0.016156 0.041667
0 0.443027 0.195964 0.028912 0.040365
0 0.451956 0.152995 0.028061 0.042969
0 0.463861 0.236328 0.022959 0.040365
0 0.493622 0.126302 0.019558 0.041667
0 0.347789 0.193359 0.027211 0.045573
0 0.366071 0.156250 0.021259 0.039062
0 0.497874 0.072266 0.022959 0.029948
0 0.500850 0.044922 0.020408 0.029948