4 0.062075 0.572917 0.110544 0.101562
0 0.218537 0.581380 0.090136 0.128906
0 0.124150 0.513672 0.066327 0.074219
0 0.019983 0.751302 0.084184 0.106771
0 0.067602 0.646484 0.089286 0.095052
0 0.259779 0.447917 0.084184 0.093750
0 0.334184 0.444010 0.079932 0.093750
0 0.340136 0.389323 0.071429 0.067708
0 0.610969 0.312500 0.051871 0.046875
0 0.625000 0.261719 0.045918 0.036458
0 0.631378 0.155599 0.028061 0.042969
0 0.622874 0.231771 0.038265 0.033854
0 0.407313 0.356120 0.037415 0.061198
0 0.390731 0.318359 0.033163 0.055990
0 0.413265 0.268229 0.028912 0.044271
0 0.449830 0.287760 0.028912 0.065104
0 0.428997 0.245443 0.024660 0.055990
0 0.474065 0.167969 0.016156 0.041667
0 0.442177 0.197266 0.028912 0.040365
0 0.451105 0.154297 0.028061 0.042969
0 0.462160 0.240234 0.022959 0.040365
0 0.496173 0.132812 0.019558 0.041667
0 0.347789 0.190755 0.027211 0.045573
0 0.366071 0.156250 0.021259 0.039062
0 0.498724 0.070964 0.022959 0.029948
0 0.501701 0.046224 0.020408 0.029948