4 0.062075 0.571615 0.110544 0.101562
0 0.214286 0.583984 0.090136 0.128906
0 0.123299 0.513672 0.066327 0.074219
0 0.019983 0.750000 0.084184 0.106771
0 0.067602 0.646484 0.089286 0.095052
0 0.259779 0.446615 0.084184 0.093750
0 0.333333 0.446615 0.079932 0.093750
0 0.340136 0.388021 0.071429 0.067708
0 0.612670 0.312500 0.051871 0.046875
0 0.625000 0.260417 0.045918 0.036458
0 0.629677 0.155599 0.028061 0.042969
0 0.622874 0.233073 0.038265 0.033854
0 0.406463 0.354818 0.037415 0.061198
0 0.391582 0.318359 0.033163 0.055990
0 0.413265 0.269531 0.028912 0.044271
0 0.448980 0.289062 0.028912 0.065104
0 0.428146 0.242839 0.024660 0.055990
0 0.473214 0.167969 0.016156 0.041667
0 0.443027 0.197917 0.030612 0.041667
0 0.451105 0.154297 0.028061 0.042969
0 0.462160 0.240234 0.022959 0.040365
0 0.496599 0.130859 0.020408 0.042969
0 0.347789 0.192057 0.027211 0.045573
0 0.365221 0.156250 0.021259 0.039062
0 0.498724 0.070964 0.022959 0.029948
0 0.500850 0.046224 0.020408 0.029948