4 0.061224 0.572917 0.110544 0.101562
0 0.215986 0.585286 0.090136 0.128906
0 0.124150 0.514974 0.066327 0.074219
0 0.018282 0.751302 0.084184 0.106771
0 0.067602 0.646484 0.089286 0.095052
0 0.259779 0.446615 0.084184 0.093750
0 0.333333 0.447917 0.079932 0.093750
0 0.340136 0.388021 0.071429 0.067708
0 0.611820 0.312500 0.051871 0.046875
0 0.625000 0.260417 0.045918 0.036458
0 0.630527 0.155599 0.028061 0.042969
0 0.623724 0.233073 0.038265 0.033854
0 0.406463 0.356120 0.037415 0.061198
0 0.390731 0.317057 0.033163 0.055990
0 0.413265 0.268229 0.028912 0.044271
0 0.448980 0.289062 0.028912 0.065104
0 0.428997 0.242839 0.024660 0.055990
0 0.473214 0.166667 0.016156 0.041667
0 0.443027 0.196615 0.030612 0.041667
0 0.451956 0.154297 0.028061 0.042969
0 0.463010 0.238932 0.022959 0.040365
0 0.497449 0.130859 0.020408 0.042969
0 0.348639 0.192057 0.027211 0.045573
0 0.366071 0.156250 0.021259 0.039062
0 0.498724 0.070964 0.022959 0.029948
0 0.501701 0.046224 0.020408 0.029948