4 0.062075 0.572917 0.110544 0.101562
0 0.206633 0.590495 0.090136 0.128906
0 0.121599 0.514323 0.062925 0.070312
0 0.019983 0.748698 0.084184 0.106771
0 0.066752 0.646484 0.089286 0.095052
0 0.259779 0.447917 0.084184 0.093750
0 0.329932 0.450521 0.079932 0.093750
0 0.340136 0.388021 0.071429 0.067708
0 0.613095 0.311198 0.054422 0.049479
0 0.624575 0.263021 0.048469 0.039062
0 0.630527 0.154297 0.028061 0.042969
0 0.623724 0.233073 0.038265 0.033854
0 0.403061 0.359375 0.039116 0.065104
0 0.390731 0.317057 0.033163 0.055990
0 0.413265 0.269531 0.028912 0.044271
0 0.448129 0.291667 0.028912 0.065104
0 0.428997 0.244141 0.024660 0.055990
0 0.474065 0.170573 0.016156 0.041667
0 0.442177 0.195312 0.030612 0.041667
0 0.451956 0.151693 0.028061 0.042969
0 0.462160 0.241536 0.022959 0.040365
0 0.498724 0.138021 0.019558 0.041667
0 0.348639 0.190755 0.027211 0.045573
0 0.366922 0.156250 0.021259 0.039062
0 0.498724 0.072266 0.022959 0.029948
0 0.500850 0.047526 0.020408 0.029948