4 0.062925 0.572917 0.110544 0.101562
0 0.207483 0.593099 0.090136 0.128906
0 0.122449 0.515625 0.062925 0.070312
0 0.019983 0.750000 0.084184 0.106771
0 0.067602 0.646484 0.089286 0.095052
0 0.259779 0.447917 0.084184 0.093750
0 0.329082 0.450521 0.079932 0.093750
0 0.340136 0.386719 0.071429 0.067708
0 0.612670 0.311198 0.051871 0.046875
0 0.625425 0.263021 0.048469 0.039062
0 0.630527 0.154297 0.028061 0.042969
0 0.623724 0.233073 0.038265 0.033854
0 0.403061 0.360677 0.039116 0.065104
0 0.391582 0.318359 0.033163 0.055990
0 0.412415 0.269531 0.028912 0.044271
0 0.448129 0.291667 0.028912 0.065104
0 0.428146 0.244141 0.024660 0.055990
0 0.474065 0.170573 0.016156 0.041667
0 0.442177 0.195312 0.030612 0.041667
0 0.452806 0.154297 0.028061 0.042969
0 0.461310 0.241536 0.022959 0.040365
0 0.498724 0.136719 0.019558 0.041667
0 0.348214 0.192057 0.028061 0.048177
0 0.366071 0.156250 0.021259 0.039062
0 0.497874 0.072266 0.022959 0.029948
0 0.500850 0.046224 0.020408 0.029948