4 0.061224 0.571615 0.110544 0.101562
0 0.196429 0.602214 0.090136 0.128906
0 0.120748 0.516276 0.066327 0.074219
0 0.019983 0.747396 0.084184 0.106771
0 0.067602 0.646484 0.089286 0.095052
0 0.259779 0.446615 0.084184 0.093750
0 0.326956 0.454427 0.084184 0.098958
0 0.340136 0.388021 0.071429 0.067708
0 0.612670 0.311198 0.051871 0.046875
0 0.625425 0.263021 0.048469 0.039062
0 0.630527 0.156901 0.028061 0.042969
0 0.623724 0.233073 0.038265 0.033854
0 0.401361 0.364583 0.039116 0.065104
0 0.391582 0.318359 0.033163 0.055990
0 0.412415 0.269531 0.028912 0.044271
0 0.447279 0.294271 0.028912 0.065104
0 0.428997 0.242839 0.024660 0.055990
0 0.473214 0.170573 0.016156 0.041667
0 0.442177 0.197917 0.030612 0.041667
0 0.451956 0.152995 0.028061 0.042969
0 0.461310 0.242839 0.022959 0.040365
0 0.501276 0.143229 0.019558 0.041667
0 0.348214 0.192057 0.028061 0.048177
0 0.366071 0.156250 0.021259 0.039062
0 0.497874 0.072266 0.022959 0.029948
0 0.500850 0.046224 0.020408 0.029948