4 0.062075 0.571615 0.110544 0.101562
0 0.187925 0.612630 0.090136 0.128906
0 0.121599 0.515625 0.062925 0.070312
0 0.019133 0.747396 0.084184 0.106771
0 0.067602 0.645182 0.089286 0.095052
0 0.259354 0.447266 0.079932 0.089844
0 0.319303 0.460938 0.084184 0.098958
0 0.341837 0.388021 0.071429 0.067708
0 0.610969 0.311198 0.051871 0.046875
0 0.625425 0.261719 0.048469 0.039062
0 0.631378 0.155599 0.028061 0.042969
0 0.623724 0.231771 0.038265 0.033854
0 0.397959 0.365885 0.039116 0.065104
0 0.391582 0.317057 0.033163 0.055990
0 0.412415 0.269531 0.028912 0.044271
0 0.446429 0.295573 0.028912 0.065104
0 0.428146 0.244141 0.024660 0.055990
0 0.472364 0.175781 0.016156 0.041667
0 0.443027 0.197917 0.030612 0.041667
0 0.451956 0.152995 0.028061 0.042969
0 0.460459 0.244141 0.022959 0.040365
0 0.502551 0.149089 0.020408 0.042969
0 0.347364 0.192057 0.028061 0.048177
0 0.366071 0.156250 0.021259 0.039062
0 0.497874 0.070964 0.022959 0.029948
0 0.500850 0.046224 0.020408 0.029948