4 0.061224 0.570312 0.110544 0.101562
0 0.187925 0.612630 0.090136 0.128906
0 0.121599 0.515625 0.062925 0.070312
0 0.019983 0.747396 0.084184 0.106771
0 0.067602 0.645182 0.089286 0.095052
0 0.259354 0.447266 0.079932 0.089844
0 0.319303 0.460938 0.084184 0.098958
0 0.341837 0.386719 0.071429 0.067708
0 0.611820 0.311198 0.051871 0.046875
0 0.625000 0.260417 0.045918 0.036458
0 0.630527 0.155599 0.028061 0.042969
0 0.623724 0.231771 0.038265 0.033854
0 0.398810 0.365885 0.039116 0.065104
0 0.390731 0.318359 0.033163 0.055990
0 0.412415 0.268229 0.028912 0.044271
0 0.445578 0.295573 0.028912 0.065104
0 0.428997 0.244141 0.022959 0.053385
0 0.471939 0.175781 0.017007 0.044271
0 0.442177 0.196615 0.030612 0.041667
0 0.451956 0.152995 0.028061 0.042969
0 0.459609 0.244141 0.022959 0.040365
0 0.503401 0.149089 0.020408 0.042969
0 0.347364 0.192057 0.029762 0.050781
0 0.366922 0.156250 0.021259 0.039062
0 0.499575 0.070964 0.022959 0.029948
0 0.501701 0.047526 0.020408 0.029948