4 0.061224 0.571615 0.110544 0.101562
0 0.176020 0.620443 0.090136 0.128906
0 0.122449 0.514323 0.062925 0.070312
0 0.020833 0.748698 0.084184 0.106771
0 0.067602 0.646484 0.089286 0.095052
0 0.259354 0.447266 0.079932 0.089844
0 0.315901 0.466146 0.084184 0.098958
0 0.340986 0.385417 0.071429 0.067708
0 0.612670 0.309896 0.051871 0.046875
0 0.625000 0.261719 0.045918 0.036458
0 0.631378 0.155599 0.028061 0.042969
0 0.622874 0.231771 0.038265 0.033854
0 0.396259 0.369792 0.039116 0.065104
0 0.391582 0.317057 0.033163 0.055990
0 0.413265 0.269531 0.028912 0.044271
0 0.443878 0.296875 0.028912 0.065104
0 0.428146 0.245443 0.022959 0.053385
0 0.471939 0.178385 0.017007 0.044271
0 0.443027 0.196615 0.030612 0.041667
0 0.452806 0.152995 0.028061 0.042969
0 0.458759 0.246745 0.022959 0.040365
0 0.505527 0.158203 0.022959 0.048177
0 0.348214 0.192057 0.029762 0.050781
0 0.365221 0.156250 0.021259 0.039062
0 0.497874 0.072266 0.022959 0.029948
0 0.501701 0.047526 0.020408 0.029948