4 0.062075 0.571615 0.110544 0.101562
0 0.165816 0.628255 0.090136 0.128906
0 0.123299 0.516276 0.066327 0.074219
0 0.019983 0.748698 0.084184 0.106771
0 0.067602 0.646484 0.089286 0.095052
0 0.259354 0.445964 0.079932 0.089844
0 0.309949 0.471354 0.084184 0.098958
0 0.341837 0.385417 0.071429 0.067708
0 0.612670 0.311198 0.051871 0.046875
0 0.625000 0.261068 0.044218 0.035156
0 0.630527 0.156901 0.028061 0.042969
0 0.623724 0.230469 0.038265 0.033854
0 0.392857 0.373698 0.039116 0.065104
0 0.390731 0.318359 0.033163 0.055990
0 0.412415 0.269531 0.028912 0.044271
0 0.443027 0.300781 0.028912 0.065104
0 0.428146 0.244141 0.022959 0.053385
0 0.471514 0.180990 0.017857 0.046875
0 0.441327 0.195312 0.030612 0.041667
0 0.452806 0.152995 0.028061 0.042969
0 0.457908 0.248047 0.022959 0.040365
0 0.506803 0.166016 0.023810 0.050781
0 0.347364 0.193359 0.029762 0.050781
0 0.366922 0.156250 0.021259 0.039062
0 0.498724 0.070964 0.022959 0.029948
0 0.501701 0.047526 0.020408 0.029948