4 0.062075 0.570312 0.110544 0.101562
0 0.164966 0.628906 0.090136 0.127604
0 0.125000 0.513672 0.066327 0.074219
0 0.019983 0.746094 0.084184 0.106771
0 0.066752 0.646484 0.089286 0.095052
0 0.260204 0.447266 0.079932 0.089844
0 0.307398 0.475260 0.084184 0.098958
0 0.341837 0.384115 0.071429 0.067708
0 0.611820 0.311198 0.051871 0.046875
0 0.625000 0.260417 0.045918 0.036458
0 0.629677 0.156901 0.028061 0.042969
0 0.622874 0.231120 0.036565 0.032552
0 0.390306 0.377604 0.039116 0.065104
0 0.391582 0.317057 0.033163 0.055990
0 0.414116 0.269531 0.028912 0.044271
0 0.442177 0.302083 0.028912 0.065104
0 0.428146 0.242839 0.022959 0.053385
0 0.471514 0.183594 0.017857 0.046875
0 0.441327 0.197917 0.030612 0.041667
0 0.451956 0.152995 0.028061 0.042969
0 0.457908 0.251953 0.022959 0.040365
0 0.507653 0.171224 0.023810 0.050781
0 0.347364 0.193359 0.029762 0.050781
0 0.366922 0.156250 0.021259 0.039062
0 0.497874 0.072266 0.022959 0.029948
0 0.500850 0.046224 0.020408 0.029948