4 0.062075 0.570312 0.110544 0.101562
0 0.164966 0.630208 0.090136 0.127604
0 0.124150 0.513672 0.066327 0.074219
0 0.019983 0.747396 0.084184 0.106771
0 0.066752 0.646484 0.089286 0.095052
0 0.259354 0.448568 0.079932 0.089844
0 0.307398 0.476562 0.084184 0.098958
0 0.342687 0.385417 0.071429 0.067708
0 0.611820 0.311198 0.051871 0.046875
0 0.625850 0.260417 0.045918 0.036458
0 0.630527 0.156901 0.028061 0.042969
0 0.623724 0.231771 0.038265 0.033854
0 0.390306 0.377604 0.039116 0.065104
0 0.391582 0.318359 0.033163 0.055990
0 0.412415 0.268229 0.028912 0.044271
0 0.443027 0.302083 0.028912 0.065104
0 0.428997 0.245443 0.024660 0.055990
0 0.472364 0.182943 0.019558 0.048177
0 0.441327 0.196615 0.030612 0.041667
0 0.451956 0.152995 0.028061 0.042969
0 0.457908 0.251953 0.022959 0.040365
0 0.508503 0.173828 0.023810 0.050781
0 0.348214 0.192057 0.029762 0.050781
0 0.366071 0.156250 0.021259 0.039062
0 0.497874 0.069661 0.022959 0.029948
0 0.500000 0.047526 0.020408 0.029948