4 0.061224 0.571615 0.110544 0.101562
0 0.162220 0.643271 0.090136 0.127604
0 0.125000 0.514974 0.066327 0.074219
0 0.019983 0.748698 0.084184 0.106771
0 0.066752 0.646484 0.089286 0.095052
0 0.260204 0.447266 0.079932 0.089844
0 0.305697 0.473958 0.084184 0.098958
0 0.342687 0.384115 0.071429 0.067708
0 0.611820 0.311198 0.051871 0.046875
0 0.625850 0.261719 0.045918 0.036458
0 0.631378 0.156901 0.028061 0.042969
0 0.623724 0.231771 0.038265 0.033854
0 0.390306 0.377604 0.039116 0.065104
0 0.391582 0.318359 0.033163 0.055990
0 0.412415 0.268229 0.028912 0.044271
0 0.442177 0.302083 0.028912 0.065104
0 0.428146 0.245443 0.024660 0.055990
0 0.472364 0.181641 0.019558 0.048177
0 0.441327 0.195312 0.030612 0.041667
0 0.451105 0.152995 0.028061 0.042969
0 0.457058 0.251953 0.022959 0.040365
0 0.508503 0.173828 0.023810 0.050781
0 0.347364 0.192057 0.029762 0.050781
0 0.366922 0.156250 0.021259 0.039062
0 0.499575 0.070964 0.022959 0.029948
0 0.500850 0.046224 0.020408 0.029948