4 0.061224 0.570312 0.110544 0.101562
0 0.160714 0.644531 0.090136 0.127604
0 0.125850 0.513672 0.066327 0.074219
0 0.019983 0.748698 0.084184 0.106771
0 0.066752 0.645182 0.089286 0.095052
0 0.258503 0.449870 0.079932 0.089844
0 0.303997 0.479167 0.084184 0.098958
0 0.342687 0.386719 0.071429 0.067708
0 0.611820 0.311198 0.051871 0.046875
0 0.625000 0.259115 0.045918 0.036458
0 0.630527 0.156901 0.028061 0.042969
0 0.622874 0.231771 0.038265 0.033854
0 0.386905 0.378906 0.039116 0.065104
0 0.390731 0.318359 0.033163 0.055990
0 0.412415 0.270833 0.028912 0.044271
0 0.441327 0.304688 0.028912 0.065104
0 0.428997 0.244141 0.024660 0.055990
0 0.471088 0.184245 0.020408 0.050781
0 0.441327 0.195312 0.030612 0.041667
0 0.451956 0.152995 0.028061 0.042969
0 0.457058 0.253255 0.022959 0.040365
0 0.509354 0.182943 0.023810 0.050781
0 0.348214 0.192057 0.029762 0.050781
0 0.366922 0.156250 0.021259 0.039062
0 0.498724 0.072266 0.022959 0.029948
0 0.500850 0.046224 0.020408 0.029948