4 0.061224 0.570312 0.110544 0.101562
0 0.135204 0.673177 0.102041 0.130208
0 0.125850 0.513672 0.066327 0.074219
0 0.019133 0.747396 0.084184 0.106771
0 0.067602 0.646484 0.089286 0.095052
0 0.258503 0.447266 0.079932 0.089844
0 0.302296 0.479167 0.084184 0.098958
0 0.341837 0.385417 0.071429 0.067708
0 0.612670 0.311198 0.051871 0.046875
0 0.625000 0.261068 0.044218 0.035156
0 0.631378 0.156901 0.028061 0.042969
0 0.623724 0.231771 0.038265 0.033854
0 0.386054 0.380208 0.039116 0.065104
0 0.391582 0.317057 0.034864 0.058594
0 0.413265 0.270833 0.028912 0.044271
0 0.441327 0.304688 0.028912 0.065104
0 0.428997 0.244141 0.024660 0.055990
0 0.471939 0.185547 0.020408 0.050781
0 0.442177 0.196615 0.030612 0.041667
0 0.451956 0.154297 0.028061 0.042969
0 0.457058 0.251953 0.022959 0.040365
0 0.508929 0.181641 0.024660 0.053385
0 0.347364 0.193359 0.029762 0.050781
0 0.366071 0.156250 0.021259 0.039062
0 0.497874 0.069661 0.022959 0.029948
0 0.500000 0.047526 0.020408 0.029948