4 0.061224 0.571615 0.110544 0.101562
0 0.130952 0.674479 0.102041 0.130208
0 0.125850 0.513672 0.066327 0.074219
0 0.019983 0.748698 0.084184 0.106771
0 0.066752 0.645182 0.089286 0.095052
0 0.257653 0.447266 0.079932 0.089844
0 0.298044 0.483073 0.084184 0.098958
0 0.341837 0.384115 0.071429 0.067708
0 0.611820 0.309896 0.051871 0.046875
0 0.625850 0.260417 0.045918 0.036458
0 0.630527 0.156901 0.028061 0.042969
0 0.623724 0.230469 0.038265 0.033854
0 0.385629 0.382812 0.041667 0.067708
0 0.391582 0.315755 0.034864 0.058594
0 0.414116 0.270833 0.028912 0.044271
0 0.441327 0.307292 0.028912 0.065104
0 0.428997 0.242839 0.024660 0.055990
0 0.471939 0.186849 0.020408 0.050781
0 0.442177 0.196615 0.030612 0.041667
0 0.452806 0.151693 0.028061 0.042969
0 0.457058 0.253255 0.022959 0.040365
0 0.510629 0.190755 0.024660 0.053385
0 0.347364 0.193359 0.029762 0.050781
0 0.366922 0.157552 0.021259 0.039062
0 0.498724 0.072266 0.022959 0.029948
0 0.500850 0.047526 0.020408 0.029948