4 0.058673 0.569010 0.110544 0.098958
0 0.128827 0.679688 0.104592 0.130208
0 0.125850 0.513021 0.066327 0.075521
0 0.066752 0.647786 0.089286 0.102865
0 0.255952 0.447266 0.079932 0.092448
0 0.298895 0.485677 0.084184 0.096354
0 0.341837 0.384115 0.071429 0.065104
0 0.610119 0.317708 0.051871 0.046875
0 0.627551 0.263021 0.052721 0.041667
0 0.630527 0.162109 0.028061 0.042969
0 0.620323 0.229818 0.036565 0.032552
0 0.384779 0.382812 0.043367 0.067708
0 0.390731 0.315755 0.034864 0.058594
0 0.414116 0.270833 0.032313 0.044271
0 0.440901 0.307292 0.029762 0.065104
0 0.428997 0.241536 0.022959 0.055990
0 0.472789 0.184245 0.022109 0.050781
0 0.440901 0.195312 0.028061 0.041667
0 0.450255 0.154297 0.028061 0.040365
0 0.454932 0.254557 0.025510 0.040365
0 0.512330 0.188802 0.026361 0.054688
0 0.345663 0.193359 0.026361 0.050781
0 0.365221 0.156250 0.021259 0.041667
0 0.499150 0.048828 0.020408 0.029948