4 0.060374 0.569010 0.110544 0.098958
0 0.100308 0.686992 0.106326 0.110288
0 0.126701 0.514323 0.066327 0.075521
0 0.066752 0.646484 0.089286 0.102865
0 0.254252 0.448568 0.079932 0.092448
0 0.295493 0.488281 0.084184 0.096354
0 0.340986 0.385417 0.071429 0.065104
0 0.610119 0.316406 0.051871 0.046875
0 0.627551 0.264323 0.052721 0.041667
0 0.630527 0.160807 0.028061 0.042969
0 0.620323 0.230469 0.038265 0.033854
0 0.383078 0.384115 0.043367 0.067708
0 0.390731 0.315755 0.034864 0.058594
0 0.413265 0.270833 0.032313 0.044271
0 0.440476 0.309896 0.030612 0.067708
0 0.428997 0.241536 0.022959 0.055990
0 0.471939 0.185547 0.022109 0.050781
0 0.440051 0.194661 0.029762 0.042969
0 0.450255 0.154297 0.028061 0.040365
0 0.454082 0.257161 0.025510 0.040365
0 0.514031 0.199219 0.026361 0.054688
0 0.345663 0.193359 0.026361 0.050781
0 0.364371 0.156250 0.021259 0.041667
0 0.498299 0.048828 0.020408 0.029948