4 0.060374 0.567708 0.110544 0.098958
0 0.095663 0.686198 0.111395 0.114583
0 0.126701 0.514323 0.066327 0.075521
0 0.066752 0.643880 0.089286 0.102865
0 0.252551 0.449870 0.079932 0.092448
0 0.292942 0.492188 0.084184 0.096354
0 0.340136 0.385417 0.071429 0.065104
0 0.610119 0.316406 0.051871 0.046875
0 0.627551 0.264323 0.052721 0.041667
0 0.630527 0.160807 0.028061 0.042969
0 0.621173 0.230469 0.038265 0.033854
0 0.380527 0.388021 0.043367 0.067708
0 0.391582 0.315755 0.034864 0.058594
0 0.413265 0.269531 0.032313 0.044271
0 0.439201 0.311198 0.029762 0.065104
0 0.428146 0.240234 0.022959 0.055990
0 0.471514 0.187500 0.022959 0.052083
0 0.439201 0.195312 0.028061 0.041667
0 0.450255 0.152995 0.028061 0.040365
0 0.454932 0.259766 0.025510 0.040365
0 0.514881 0.210938 0.026361 0.054688
0 0.344813 0.194661 0.026361 0.050781
0 0.365221 0.157552 0.021259 0.041667
0 0.499150 0.048828 0.020408 0.029948