4 0.060374 0.567708 0.110544 0.098958
0 0.096514 0.686849 0.116497 0.121094
0 0.127551 0.511719 0.066327 0.075521
0 0.067602 0.646484 0.089286 0.102865
0 0.251701 0.449870 0.079932 0.092448
0 0.292092 0.493490 0.084184 0.096354
0 0.340986 0.385417 0.071429 0.065104
0 0.609269 0.317708 0.051871 0.046875
0 0.628401 0.265625 0.052721 0.041667
0 0.630527 0.160807 0.028061 0.042969
0 0.620323 0.229167 0.038265 0.033854
0 0.376276 0.391927 0.045068 0.070312
0 0.390731 0.316406 0.033163 0.054688
0 0.413265 0.270833 0.032313 0.044271
0 0.438350 0.313802 0.029762 0.065104
0 0.428997 0.241536 0.022959 0.055990
0 0.471939 0.187500 0.023810 0.054688
0 0.440901 0.195312 0.028061 0.041667
0 0.451105 0.152995 0.028061 0.040365
0 0.456633 0.262370 0.025510 0.040365
0 0.515731 0.220052 0.026361 0.054688
0 0.345663 0.194661 0.026361 0.050781
0 0.364371 0.156250 0.021259 0.041667
0 0.500000 0.048828 0.020408 0.029948