4 0.059524 0.567708 0.110544 0.098958
0 0.095663 0.685547 0.116497 0.121094
0 0.126701 0.513021 0.066327 0.075521
0 0.066752 0.646484 0.089286 0.102865
0 0.252551 0.449870 0.079932 0.092448
0 0.292092 0.493490 0.084184 0.096354
0 0.340136 0.384115 0.071429 0.065104
0 0.609269 0.315104 0.051871 0.046875
0 0.627551 0.265625 0.052721 0.041667
0 0.629677 0.159505 0.028061 0.042969
0 0.620323 0.229167 0.038265 0.033854
0 0.375425 0.391927 0.045068 0.070312
0 0.390731 0.317057 0.034864 0.058594
0 0.414116 0.270833 0.032313 0.044271
0 0.437500 0.313802 0.029762 0.065104
0 0.428997 0.241536 0.022959 0.055990
0 0.471088 0.187500 0.023810 0.054688
0 0.440901 0.195312 0.028061 0.041667
0 0.449405 0.154297 0.028061 0.040365
0 0.456633 0.262370 0.025510 0.040365
0 0.514881 0.221354 0.026361 0.054688
0 0.345663 0.193359 0.026361 0.050781
0 0.364371 0.156250 0.021259 0.041667
0 0.498299 0.050130 0.020408 0.029948