4 0.060374 0.567708 0.110544 0.098958
0 0.095663 0.692057 0.116497 0.121094
0 0.129252 0.511719 0.066327 0.075521
0 0.066752 0.646484 0.089286 0.102865
0 0.250850 0.451172 0.079932 0.092448
0 0.269133 0.522786 0.084184 0.123698
0 0.341837 0.384115 0.071429 0.065104
0 0.609694 0.317708 0.049320 0.044271
0 0.628401 0.265625 0.052721 0.041667
0 0.629677 0.160807 0.028061 0.042969
0 0.620323 0.230469 0.038265 0.033854
0 0.372024 0.398438 0.043367 0.067708
0 0.391582 0.317057 0.034864 0.058594
0 0.413265 0.269531 0.032313 0.044271
0 0.436650 0.315104 0.029762 0.065104
0 0.428997 0.241536 0.022959 0.055990
0 0.471939 0.191406 0.023810 0.054688
0 0.440051 0.196615 0.028061 0.041667
0 0.450255 0.154297 0.028061 0.040365
0 0.454082 0.266276 0.025510 0.040365
0 0.514881 0.234375 0.026361 0.054688
0 0.344813 0.194661 0.026361 0.050781
0 0.365221 0.157552 0.021259 0.041667
0 0.498299 0.048828 0.020408 0.029948