4 0.059524 0.569010 0.110544 0.098958
0 0.095663 0.693359 0.116497 0.121094
0 0.128401 0.511719 0.066327 0.075521
0 0.066752 0.647786 0.089286 0.102865
0 0.249150 0.455078 0.079932 0.092448
0 0.264881 0.528646 0.087585 0.130208
0 0.340986 0.387370 0.074830 0.069010
0 0.610119 0.317708 0.051871 0.046875
0 0.628827 0.263672 0.055272 0.042969
0 0.629677 0.160807 0.028061 0.042969
0 0.620323 0.229167 0.038265 0.033854
0 0.367772 0.403646 0.043367 0.067708
0 0.391582 0.317057 0.034864 0.058594
0 0.413265 0.270833 0.032313 0.044271
0 0.436224 0.316406 0.030612 0.067708
0 0.427721 0.240885 0.022109 0.052083
0 0.471088 0.192708 0.023810 0.054688
0 0.440051 0.195312 0.028061 0.041667
0 0.449405 0.154297 0.028061 0.040365
0 0.454932 0.268880 0.025510 0.040365
0 0.515731 0.244792 0.026361 0.054688
0 0.345663 0.193359 0.026361 0.050781
0 0.364371 0.156250 0.021259 0.041667
0 0.498299 0.048828 0.020408 0.029948