4 0.059524 0.569010 0.110544 0.098958
0 0.096514 0.690755 0.116497 0.121094
0 0.130102 0.513021 0.066327 0.075521
0 0.065901 0.647786 0.089286 0.102865
0 0.245748 0.460286 0.079932 0.092448
0 0.258078 0.532552 0.087585 0.130208
0 0.341837 0.385417 0.071429 0.065104
0 0.609269 0.317708 0.051871 0.046875
0 0.629252 0.265625 0.052721 0.041667
0 0.630527 0.160807 0.028061 0.042969
0 0.621173 0.230469 0.038265 0.033854
0 0.365221 0.407552 0.043367 0.067708
0 0.390731 0.315755 0.034864 0.058594
0 0.414116 0.269531 0.032313 0.044271
0 0.435799 0.317708 0.029762 0.065104
0 0.428571 0.239583 0.022109 0.052083
0 0.469388 0.194010 0.023810 0.054688
0 0.440901 0.195312 0.028061 0.041667
0 0.450255 0.154297 0.028061 0.040365
0 0.453231 0.270182 0.025510 0.040365
0 0.515731 0.257812 0.026361 0.054688
0 0.345663 0.192057 0.026361 0.050781
0 0.365221 0.157552 0.021259 0.041667
0 0.498299 0.048828 0.020408 0.029948
0 0.303571 0.315755 0.056122 0.063802