4 0.059524 0.569010 0.110544 0.098958
0 0.095663 0.689453 0.116497 0.121094
0 0.130102 0.513021 0.066327 0.075521
0 0.067602 0.649089 0.089286 0.102865
0 0.245748 0.460286 0.079932 0.092448
0 0.259779 0.534505 0.092687 0.136719
0 0.340986 0.385417 0.071429 0.065104
0 0.609269 0.316406 0.051871 0.046875
0 0.628827 0.265625 0.050170 0.039062
0 0.630527 0.160807 0.028061 0.042969
0 0.620323 0.230469 0.038265 0.033854
0 0.364371 0.408854 0.043367 0.067708
0 0.390731 0.317057 0.034864 0.058594
0 0.413265 0.269531 0.032313 0.044271
0 0.435799 0.320312 0.029762 0.065104
0 0.428571 0.240885 0.022109 0.052083
0 0.469388 0.196615 0.023810 0.054688
0 0.440051 0.195312 0.028061 0.041667
0 0.450255 0.154297 0.028061 0.040365
0 0.454082 0.270182 0.025510 0.040365
0 0.516582 0.260417 0.026361 0.054688
0 0.345663 0.194661 0.026361 0.050781
0 0.365221 0.157552 0.021259 0.041667
0 0.498299 0.050130 0.020408 0.029948
0 0.305697 0.313151 0.053571 0.061198