4 0.059524 0.569010 0.110544 0.098958
0 0.094813 0.688151 0.116497 0.121094
0 0.130102 0.513021 0.066327 0.075521
0 0.066752 0.647786 0.089286 0.102865
0 0.238946 0.465495 0.079932 0.092448
0 0.249575 0.539714 0.092687 0.136719
0 0.340136 0.385417 0.071429 0.065104
0 0.609269 0.317708 0.051871 0.046875
0 0.628827 0.264323 0.050170 0.039062
0 0.630527 0.160807 0.028061 0.042969
0 0.619473 0.230469 0.038265 0.033854
0 0.362670 0.412760 0.043367 0.067708
0 0.391582 0.317057 0.036565 0.061198
0 0.414116 0.270833 0.032313 0.044271
0 0.434524 0.319010 0.030612 0.067708
0 0.429422 0.240885 0.022109 0.052083
0 0.468537 0.199219 0.023810 0.054688
0 0.440051 0.196615 0.028061 0.041667
0 0.449405 0.154297 0.028061 0.040365
0 0.453231 0.271484 0.023810 0.037760
0 0.514881 0.273438 0.026361 0.054688
0 0.345663 0.194661 0.026361 0.050781
0 0.365221 0.156250 0.021259 0.041667
0 0.498299 0.048828 0.020408 0.029948
0 0.324405 0.294922 0.053571 0.061198