4 0.059524 0.569010 0.110544 0.098958
0 0.096088 0.688802 0.122449 0.127604
0 0.130952 0.510417 0.066327 0.075521
0 0.067602 0.649089 0.089286 0.102865
0 0.238946 0.465495 0.079932 0.092448
0 0.250425 0.542318 0.092687 0.136719
0 0.340986 0.385417 0.071429 0.065104
0 0.609269 0.316406 0.051871 0.046875
0 0.628827 0.264323 0.050170 0.039062
0 0.630527 0.162109 0.028061 0.042969
0 0.621173 0.229167 0.038265 0.033854
0 0.362670 0.412760 0.043367 0.067708
0 0.390731 0.317057 0.036565 0.061198
0 0.414116 0.269531 0.032313 0.044271
0 0.435374 0.320312 0.030612 0.067708
0 0.428571 0.240885 0.022109 0.052083
0 0.469388 0.197917 0.023810 0.054688
0 0.440901 0.196615 0.028061 0.041667
0 0.449405 0.154297 0.028061 0.040365
0 0.453231 0.271484 0.023810 0.037760
0 0.514881 0.273438 0.026361 0.054688
0 0.345663 0.193359 0.026361 0.050781
0 0.365221 0.154948 0.021259 0.041667
0 0.498299 0.048828 0.020408 0.029948
0 0.323554 0.293620 0.053571 0.061198