4 0.059524 0.569010 0.110544 0.098958
0 0.094388 0.690104 0.122449 0.127604
0 0.130102 0.511719 0.066327 0.075521
0 0.066752 0.647786 0.089286 0.102865
0 0.239796 0.464193 0.079932 0.092448
0 0.252976 0.539714 0.092687 0.136719
0 0.340986 0.384115 0.071429 0.065104
0 0.609694 0.316406 0.049320 0.044271
0 0.627976 0.264323 0.050170 0.039062
0 0.629677 0.162109 0.028061 0.042969
0 0.621173 0.230469 0.038265 0.033854
0 0.362670 0.412760 0.043367 0.067708
0 0.390731 0.317057 0.036565 0.061198
0 0.414116 0.269531 0.032313 0.044271
0 0.434524 0.319010 0.030612 0.067708
0 0.428146 0.241536 0.022959 0.055990
0 0.469388 0.199219 0.023810 0.054688
0 0.440901 0.196615 0.028061 0.041667
0 0.449405 0.155599 0.028061 0.040365
0 0.452381 0.271484 0.023810 0.037760
0 0.514881 0.274740 0.026361 0.054688
0 0.345663 0.193359 0.026361 0.050781
0 0.365221 0.154948 0.021259 0.041667
0 0.497449 0.050130 0.020408 0.029948
0 0.323554 0.293620 0.053571 0.061198