4 0.060374 0.567708 0.110544 0.098958
0 0.095238 0.688802 0.122449 0.127604
0 0.130102 0.511719 0.066327 0.075521
0 0.066752 0.649089 0.089286 0.102865
0 0.238095 0.464193 0.079932 0.092448
0 0.251276 0.541016 0.092687 0.136719
0 0.340986 0.385417 0.071429 0.065104
0 0.609269 0.316406 0.051871 0.046875
0 0.629252 0.265625 0.052721 0.041667
0 0.629677 0.162109 0.028061 0.042969
0 0.620323 0.230469 0.038265 0.033854
0 0.361820 0.414062 0.045068 0.070312
0 0.391582 0.315755 0.036565 0.061198
0 0.413265 0.270833 0.032313 0.044271
0 0.434524 0.320312 0.030612 0.067708
0 0.427296 0.240234 0.022959 0.055990
0 0.469388 0.199219 0.023810 0.054688
0 0.440901 0.195312 0.028061 0.041667
0 0.450255 0.154297 0.028061 0.040365
0 0.452381 0.272786 0.023810 0.037760
0 0.515731 0.274740 0.026361 0.054688
0 0.344813 0.193359 0.026361 0.050781
0 0.366071 0.157552 0.021259 0.041667
0 0.499150 0.048828 0.020408 0.029948
0 0.322704 0.294922 0.053571 0.061198