4 0.058673 0.569010 0.110544 0.098958
0 0.094388 0.690104 0.122449 0.127604
0 0.130102 0.513021 0.066327 0.075521
0 0.067602 0.647786 0.089286 0.102865
0 0.239796 0.465495 0.079932 0.092448
0 0.252976 0.539714 0.092687 0.136719
0 0.340136 0.385417 0.071429 0.065104
0 0.609694 0.316406 0.049320 0.044271
0 0.628401 0.265625 0.052721 0.041667
0 0.629677 0.162109 0.028061 0.042969
0 0.620323 0.229167 0.038265 0.033854
0 0.361820 0.411458 0.045068 0.070312
0 0.390731 0.315755 0.036565 0.061198
0 0.413265 0.269531 0.032313 0.044271
0 0.435374 0.320312 0.030612 0.067708
0 0.428997 0.240234 0.022959 0.055990
0 0.468537 0.199219 0.023810 0.054688
0 0.440901 0.195312 0.028061 0.041667
0 0.450255 0.152995 0.028061 0.040365
0 0.452381 0.270182 0.023810 0.037760
0 0.515731 0.276042 0.026361 0.054688
0 0.344813 0.193359 0.026361 0.050781
0 0.366071 0.157552 0.021259 0.041667
0 0.499150 0.048828 0.020408 0.029948
0 0.322704 0.294922 0.053571 0.061198