4 0.059524 0.567708 0.110544 0.098958
0 0.095238 0.686198 0.122449 0.127604
0 0.130102 0.513021 0.066327 0.075521
0 0.067602 0.649089 0.089286 0.102865
0 0.235544 0.469401 0.079932 0.092448
0 0.244048 0.552083 0.096939 0.143229
0 0.340986 0.385417 0.071429 0.065104
0 0.609269 0.316406 0.051871 0.046875
0 0.629252 0.265625 0.052721 0.041667
0 0.629677 0.162109 0.028061 0.042969
0 0.620323 0.229167 0.038265 0.033854
0 0.360969 0.416667 0.045068 0.070312
0 0.391582 0.315755 0.036565 0.061198
0 0.414116 0.268229 0.032313 0.044271
0 0.433673 0.321615 0.030612 0.067708
0 0.429422 0.240885 0.022109 0.052083
0 0.469388 0.200521 0.023810 0.054688
0 0.440901 0.195312 0.028061 0.041667
0 0.449405 0.155599 0.028061 0.040365
0 0.452381 0.272786 0.023810 0.037760
0 0.514881 0.290365 0.026361 0.054688
0 0.346514 0.193359 0.026361 0.050781
0 0.364371 0.156250 0.021259 0.041667
0 0.499150 0.047526 0.020408 0.029948
0 0.336310 0.279297 0.053571 0.061198