4 0.060374 0.567708 0.110544 0.098958
0 0.094388 0.686198 0.122449 0.127604
0 0.130102 0.513021 0.066327 0.075521
0 0.066752 0.647786 0.089286 0.102865
0 0.234694 0.469401 0.079932 0.092448
0 0.241497 0.552083 0.096939 0.143229
0 0.340986 0.385417 0.071429 0.065104
0 0.609269 0.317708 0.051871 0.046875
0 0.628401 0.265625 0.052721 0.041667
0 0.629677 0.160807 0.028061 0.042969
0 0.620323 0.231771 0.038265 0.033854
0 0.361820 0.417969 0.045068 0.070312
0 0.390731 0.315755 0.036565 0.061198
0 0.413265 0.268229 0.032313 0.044271
0 0.433673 0.322917 0.030612 0.067708
0 0.428146 0.240234 0.022959 0.055990
0 0.468537 0.200521 0.023810 0.054688
0 0.440901 0.196615 0.028061 0.041667
0 0.450255 0.154297 0.028061 0.040365
0 0.452381 0.274089 0.023810 0.037760
0 0.515731 0.290365 0.026361 0.054688
0 0.346514 0.193359 0.026361 0.050781
0 0.364371 0.156250 0.021259 0.041667
0 0.499150 0.048828 0.020408 0.029948
0 0.337160 0.276693 0.053571 0.061198