4 0.060374 0.569010 0.110544 0.098958
0 0.094388 0.683594 0.122449 0.127604
0 0.130102 0.513021 0.066327 0.075521
0 0.066752 0.649089 0.089286 0.102865
0 0.231293 0.472005 0.079932 0.092448
0 0.231718 0.562500 0.087585 0.130208
0 0.340986 0.385417 0.071429 0.065104
0 0.609694 0.316406 0.049320 0.044271
0 0.628401 0.265625 0.052721 0.041667
0 0.630527 0.160807 0.028061 0.042969
0 0.621173 0.229167 0.038265 0.033854
0 0.359269 0.420573 0.043367 0.067708
0 0.390731 0.315755 0.036565 0.061198
0 0.413265 0.268229 0.032313 0.044271
0 0.433248 0.322917 0.029762 0.065104
0 0.428997 0.241536 0.022959 0.055990
0 0.468963 0.205078 0.026361 0.061198
0 0.440901 0.194010 0.028061 0.041667
0 0.450255 0.152995 0.028061 0.040365
0 0.450680 0.275391 0.023810 0.037760
0 0.513180 0.303385 0.026361 0.054688
0 0.346514 0.194661 0.026361 0.050781
0 0.365221 0.157552 0.021259 0.041667
0 0.499150 0.047526 0.020408 0.029948
0 0.346088 0.264323 0.051020 0.057292