4 0.059524 0.569010 0.110544 0.098958
0 0.093537 0.683594 0.122449 0.127604
0 0.130102 0.513021 0.066327 0.075521
0 0.067602 0.647786 0.089286 0.102865
0 0.230442 0.475911 0.079932 0.092448
0 0.224915 0.571615 0.087585 0.130208
0 0.340136 0.385417 0.071429 0.065104
0 0.609269 0.317708 0.051871 0.046875
0 0.628401 0.265625 0.052721 0.041667
0 0.630527 0.160807 0.028061 0.042969
0 0.620323 0.229167 0.038265 0.033854
0 0.357568 0.425781 0.043367 0.067708
0 0.390731 0.315755 0.036565 0.061198
0 0.414116 0.268229 0.032313 0.044271
0 0.432398 0.325521 0.029762 0.065104
0 0.427296 0.240234 0.022959 0.055990
0 0.468963 0.207682 0.026361 0.061198
0 0.440051 0.194010 0.028061 0.041667
0 0.451105 0.152995 0.028061 0.040365
0 0.448980 0.277995 0.025510 0.040365
0 0.511054 0.320312 0.027211 0.057292
0 0.345663 0.193359 0.026361 0.050781
0 0.366071 0.156250 0.021259 0.041667
0 0.499150 0.050130 0.020408 0.029948
0 0.360119 0.245443 0.048469 0.053385