4 0.059524 0.569010 0.110544 0.098958
0 0.093537 0.683594 0.122449 0.127604
0 0.130102 0.510417 0.066327 0.075521
0 0.067602 0.647786 0.089286 0.102865
0 0.228741 0.475911 0.079932 0.092448
0 0.220663 0.575521 0.087585 0.130208
0 0.340136 0.386719 0.071429 0.065104
0 0.609269 0.317708 0.051871 0.046875
0 0.627551 0.266927 0.052721 0.041667
0 0.630527 0.160807 0.028061 0.042969
0 0.620323 0.230469 0.038265 0.033854
0 0.355017 0.425781 0.043367 0.067708
0 0.389881 0.315755 0.036565 0.061198
0 0.413265 0.270833 0.032313 0.044271
0 0.430697 0.329427 0.029762 0.065104
0 0.427721 0.239583 0.022109 0.052083
0 0.467262 0.208984 0.026361 0.061198
0 0.440901 0.194010 0.028061 0.041667
0 0.450255 0.154297 0.028061 0.040365
0 0.448129 0.279297 0.025510 0.040365
0 0.510204 0.335938 0.028912 0.059896
0 0.345663 0.193359 0.026361 0.050781
0 0.364371 0.154948 0.021259 0.041667
0 0.499150 0.048828 0.020408 0.029948
0 0.364796 0.236979 0.051020 0.057292