4 0.059524 0.569010 0.110544 0.098958
0 0.094388 0.683594 0.122449 0.127604
0 0.130102 0.511719 0.066327 0.075521
0 0.067602 0.647786 0.089286 0.102865
0 0.228741 0.477214 0.079932 0.092448
0 0.221514 0.575521 0.087585 0.130208
0 0.340986 0.386719 0.071429 0.065104
0 0.609269 0.317708 0.051871 0.046875
0 0.627551 0.264323 0.052721 0.041667
0 0.630527 0.160807 0.028061 0.042969
0 0.620323 0.229167 0.038265 0.033854
0 0.354167 0.425781 0.043367 0.067708
0 0.390731 0.315755 0.036565 0.061198
0 0.413265 0.269531 0.032313 0.044271
0 0.430697 0.328125 0.029762 0.065104
0 0.428571 0.240885 0.022109 0.052083
0 0.467262 0.210286 0.026361 0.061198
0 0.440901 0.194010 0.028061 0.041667
0 0.450255 0.154297 0.028061 0.040365
0 0.448129 0.277995 0.023810 0.037760
0 0.508929 0.337240 0.029762 0.062500
0 0.344813 0.193359 0.026361 0.050781
0 0.365221 0.154948 0.021259 0.041667
0 0.499150 0.050130 0.020408 0.029948
0 0.365646 0.234375 0.051020 0.057292