4 0.059524 0.567708 0.110544 0.098958
0 0.093537 0.684896 0.122449 0.127604
0 0.130102 0.513021 0.066327 0.075521
0 0.067602 0.647786 0.089286 0.102865
0 0.226190 0.479818 0.079932 0.092448
0 0.214711 0.583333 0.087585 0.130208
0 0.340136 0.388021 0.071429 0.065104
0 0.609269 0.316406 0.051871 0.046875
0 0.628401 0.265625 0.052721 0.041667
0 0.629677 0.159505 0.028061 0.042969
0 0.620323 0.230469 0.038265 0.033854
0 0.350765 0.428385 0.043367 0.067708
0 0.390731 0.315755 0.036565 0.061198
0 0.414116 0.269531 0.032313 0.044271
0 0.427721 0.330729 0.030612 0.067708
0 0.428571 0.240885 0.022109 0.052083
0 0.467262 0.212891 0.026361 0.061198
0 0.440051 0.196615 0.028061 0.041667
0 0.450255 0.154297 0.028061 0.040365
0 0.447279 0.280599 0.025510 0.040365
0 0.505527 0.354167 0.029762 0.062500
0 0.345663 0.194661 0.026361 0.050781
0 0.365221 0.156250 0.021259 0.041667
0 0.498299 0.050130 0.020408 0.029948
0 0.373367 0.221328 0.051020 0.057292