4 0.059524 0.569010 0.110544 0.098958
0 0.094388 0.684896 0.122449 0.127604
0 0.131803 0.510417 0.066327 0.075521
0 0.067602 0.647786 0.089286 0.102865
0 0.225340 0.486328 0.079932 0.092448
0 0.212160 0.583333 0.087585 0.130208
0 0.340986 0.388021 0.071429 0.065104
0 0.609269 0.316406 0.051871 0.046875
0 0.629252 0.266927 0.052721 0.041667
0 0.629677 0.159505 0.028061 0.042969
0 0.620323 0.229167 0.038265 0.033854
0 0.347364 0.429688 0.045068 0.070312
0 0.389881 0.315755 0.036565 0.061198
0 0.414966 0.269531 0.032313 0.044271
0 0.426020 0.333333 0.030612 0.067708
0 0.429422 0.242188 0.022109 0.052083
0 0.467262 0.214193 0.026361 0.061198
0 0.440051 0.195312 0.028061 0.041667
0 0.450255 0.154297 0.028061 0.040365
0 0.445578 0.283203 0.025510 0.040365
0 0.502126 0.369792 0.029762 0.062500
0 0.345663 0.194661 0.026361 0.050781
0 0.365221 0.156250 0.021259 0.041667
0 0.499150 0.047526 0.020408 0.029948
0 0.373299 0.216146 0.051020 0.057292