4 0.059524 0.569010 0.110544 0.098958
0 0.093537 0.686198 0.122449 0.127604
0 0.130952 0.511719 0.066327 0.075521
0 0.067602 0.647786 0.089286 0.102865
0 0.224490 0.485026 0.079932 0.092448
0 0.213010 0.585938 0.087585 0.130208
0 0.340136 0.389323 0.071429 0.065104
0 0.609269 0.317708 0.051871 0.046875
0 0.628401 0.265625 0.052721 0.041667
0 0.629677 0.159505 0.028061 0.042969
0 0.621173 0.230469 0.038265 0.033854
0 0.347364 0.429688 0.045068 0.070312
0 0.390731 0.315755 0.036565 0.061198
0 0.414116 0.268229 0.032313 0.044271
0 0.426871 0.334635 0.030612 0.067708
0 0.428997 0.241536 0.022959 0.055990
0 0.466412 0.212891 0.028061 0.063802
0 0.440051 0.195312 0.028061 0.041667
0 0.450255 0.154297 0.028061 0.040365
0 0.445578 0.283203 0.025510 0.040365
0 0.500425 0.373698 0.029762 0.062500
0 0.345663 0.193359 0.026361 0.050781
0 0.364371 0.156250 0.021259 0.041667
0 0.499150 0.047526 0.020408 0.029948
0 0.375000 0.213542 0.056122 0.062500