4 0.060374 0.569010 0.110544 0.098958
0 0.131803 0.511719 0.066327 0.075521
0 0.066752 0.647786 0.089286 0.102865
0 0.221939 0.486328 0.079932 0.092448
0 0.207058 0.589844 0.087585 0.130208
0 0.340986 0.389323 0.071429 0.065104
0 0.609269 0.317708 0.051871 0.046875
0 0.629252 0.265625 0.052721 0.041667
0 0.629677 0.159505 0.028061 0.042969
0 0.621173 0.230469 0.038265 0.033854
0 0.343963 0.433594 0.045068 0.070312
0 0.390731 0.315755 0.036565 0.061198
0 0.414966 0.269531 0.032313 0.044271
0 0.425170 0.337240 0.030612 0.067708
0 0.428146 0.241536 0.022959 0.055990
0 0.466412 0.214193 0.028061 0.063802
0 0.440051 0.195312 0.028061 0.041667
0 0.449405 0.152995 0.028061 0.040365
0 0.445578 0.284505 0.025510 0.040365
0 0.501289 0.382717 0.041889 0.080920
0 0.345663 0.193359 0.026361 0.050781
0 0.365221 0.156250 0.021259 0.041667
0 0.499150 0.048828 0.020408 0.029948
0 0.388416 0.204386 0.037458 0.056993