4 0.059524 0.569010 0.110544 0.098958
0 0.131803 0.510417 0.066327 0.075521
0 0.065901 0.647786 0.089286 0.102865
0 0.220238 0.487630 0.079932 0.092448
0 0.203656 0.592448 0.087585 0.130208
0 0.341837 0.389323 0.071429 0.065104
0 0.609269 0.316406 0.051871 0.046875
0 0.628401 0.265625 0.052721 0.041667
0 0.628827 0.158203 0.028061 0.042969
0 0.621173 0.230469 0.038265 0.033854
0 0.341412 0.434896 0.045068 0.070312
0 0.389881 0.314453 0.036565 0.061198
0 0.414966 0.268229 0.032313 0.044271
0 0.423044 0.337240 0.031463 0.070312
0 0.427296 0.241536 0.022959 0.055990
0 0.465561 0.215495 0.028061 0.063802
0 0.440051 0.195312 0.028061 0.041667
0 0.448554 0.151693 0.028061 0.040365
0 0.444728 0.285807 0.025510 0.040365
0 0.495323 0.401693 0.043367 0.084635
0 0.345663 0.192057 0.026361 0.050781
0 0.365221 0.156250 0.021259 0.041667
0 0.498299 0.048828 0.020408 0.029948
0 0.390306 0.194661 0.039116 0.058594