4 0.059524 0.569010 0.110544 0.098958
0 0.131803 0.509115 0.066327 0.075521
0 0.065051 0.649089 0.089286 0.102865
0 0.219388 0.490234 0.079932 0.092448
0 0.201956 0.593750 0.087585 0.130208
0 0.340986 0.389323 0.071429 0.065104
0 0.608418 0.316406 0.051871 0.046875
0 0.628401 0.265625 0.052721 0.041667
0 0.630527 0.158203 0.028061 0.042969
0 0.621173 0.230469 0.038265 0.033854
0 0.341412 0.434896 0.045068 0.070312
0 0.391582 0.314453 0.036565 0.061198
0 0.413265 0.268229 0.032313 0.044271
0 0.422194 0.337240 0.031463 0.070312
0 0.428146 0.241536 0.022959 0.055990
0 0.465561 0.214193 0.028061 0.063802
0 0.440051 0.195312 0.028061 0.041667
0 0.448554 0.151693 0.028061 0.040365
0 0.443878 0.284505 0.025510 0.040365
0 0.495323 0.401693 0.043367 0.084635
0 0.345663 0.194661 0.026361 0.050781
0 0.365221 0.156250 0.021259 0.041667
0 0.498299 0.048828 0.020408 0.029948
0 0.392857 0.190755 0.039116 0.058594