4 0.059524 0.570312 0.110544 0.098958
0 0.130952 0.511719 0.066327 0.075521
0 0.065051 0.647786 0.089286 0.102865
0 0.218537 0.488932 0.079932 0.092448
0 0.201956 0.592448 0.087585 0.130208
0 0.340986 0.390625 0.071429 0.065104
0 0.608844 0.316406 0.049320 0.044271
0 0.628401 0.264323 0.052721 0.041667
0 0.630527 0.158203 0.028061 0.042969
0 0.621173 0.230469 0.038265 0.033854
0 0.341412 0.434896 0.045068 0.070312
0 0.390731 0.314453 0.038265 0.063802
0 0.414116 0.269531 0.032313 0.044271
0 0.423044 0.337240 0.031463 0.070312
0 0.427296 0.241536 0.022959 0.055990
0 0.465986 0.214193 0.028912 0.066406
0 0.440051 0.194010 0.028061 0.041667
0 0.449405 0.151693 0.028061 0.040365
0 0.443878 0.284505 0.025510 0.040365
0 0.494473 0.402995 0.043367 0.084635
0 0.345663 0.194661 0.026361 0.050781
0 0.365221 0.156250 0.021259 0.041667
0 0.499150 0.050130 0.020408 0.029948
0 0.392857 0.190755 0.039116 0.058594