4 0.059524 0.570312 0.110544 0.098958
0 0.131803 0.511068 0.062925 0.071615
0 0.066752 0.647786 0.089286 0.102865
0 0.216837 0.491536 0.079932 0.092448
0 0.199405 0.598958 0.087585 0.130208
0 0.340136 0.390625 0.071429 0.065104
0 0.607993 0.316406 0.049320 0.044271
0 0.628401 0.264323 0.052721 0.041667
0 0.630527 0.158203 0.028061 0.042969
0 0.622024 0.227865 0.038265 0.033854
0 0.338861 0.438802 0.045068 0.070312
0 0.391582 0.314453 0.038265 0.063802
0 0.413265 0.270833 0.032313 0.044271
0 0.421344 0.339844 0.031463 0.070312
0 0.428997 0.242839 0.022959 0.055990
0 0.465136 0.214193 0.028912 0.066406
0 0.440051 0.194010 0.028061 0.041667
0 0.447704 0.151693 0.028061 0.040365
0 0.443878 0.289714 0.025510 0.040365
0 0.489371 0.423828 0.043367 0.084635
0 0.346514 0.193359 0.026361 0.050781
0 0.366071 0.156250 0.021259 0.041667
0 0.499150 0.048828 0.020408 0.029948
0 0.399660 0.175130 0.037415 0.055990