4 0.058673 0.570312 0.110544 0.098958
0 0.131803 0.511068 0.062925 0.071615
0 0.066752 0.647786 0.089286 0.102865
0 0.216837 0.491536 0.079932 0.092448
0 0.200255 0.597656 0.087585 0.130208
0 0.339286 0.389323 0.071429 0.065104
0 0.607993 0.315104 0.049320 0.044271
0 0.628401 0.263021 0.052721 0.041667
0 0.630527 0.158203 0.028061 0.042969
0 0.620748 0.229167 0.035714 0.031250
0 0.339711 0.437500 0.045068 0.070312
0 0.390731 0.313151 0.038265 0.063802
0 0.412415 0.272135 0.032313 0.044271
0 0.421344 0.341146 0.031463 0.070312
0 0.428146 0.242839 0.022959 0.055990
0 0.465986 0.215495 0.028912 0.066406
0 0.440051 0.194010 0.028061 0.041667
0 0.447704 0.151693 0.028061 0.040365
0 0.443878 0.288411 0.025510 0.040365
0 0.489371 0.423828 0.043367 0.084635
0 0.346514 0.193359 0.026361 0.050781
0 0.364371 0.154948 0.021259 0.041667
0 0.499150 0.048828 0.020408 0.029948
0 0.399660 0.176432 0.037415 0.055990