4 0.059524 0.569010 0.110544 0.098958
0 0.131803 0.509766 0.062925 0.071615
0 0.066752 0.647786 0.089286 0.102865
0 0.215986 0.494141 0.079932 0.092448
0 0.194303 0.600260 0.087585 0.130208
0 0.340136 0.390625 0.071429 0.065104
0 0.608844 0.315104 0.049320 0.044271
0 0.628401 0.265625 0.052721 0.041667
0 0.629677 0.158203 0.028061 0.042969
0 0.621173 0.229167 0.038265 0.033854
0 0.336310 0.438802 0.045068 0.070312
0 0.389881 0.314453 0.038265 0.063802
0 0.412415 0.270833 0.032313 0.044271
0 0.420918 0.342448 0.030612 0.067708
0 0.426446 0.242188 0.021259 0.052083
0 0.465986 0.219401 0.028912 0.066406
0 0.440051 0.195312 0.028061 0.041667
0 0.448554 0.152995 0.028061 0.040365
0 0.441327 0.291016 0.025510 0.040365
0 0.482993 0.447917 0.045918 0.088542
0 0.345663 0.193359 0.026361 0.050781
0 0.364371 0.154948 0.021259 0.041667
0 0.498299 0.047526 0.020408 0.029948
0 0.405612 0.162109 0.037415 0.055990