4 0.059524 0.570312 0.110544 0.098958
0 0.131803 0.509766 0.062925 0.071615
0 0.065901 0.647786 0.089286 0.102865
0 0.215986 0.492839 0.079932 0.092448
0 0.196003 0.598958 0.087585 0.130208
0 0.339286 0.390625 0.071429 0.065104
0 0.608844 0.315104 0.049320 0.044271
0 0.627551 0.265625 0.052721 0.041667
0 0.629677 0.158203 0.028061 0.042969
0 0.622024 0.229167 0.038265 0.033854
0 0.337160 0.440104 0.045068 0.070312
0 0.389881 0.313151 0.038265 0.063802
0 0.412415 0.270833 0.032313 0.044271
0 0.420918 0.342448 0.030612 0.067708
0 0.428146 0.242839 0.022959 0.055990
0 0.465136 0.218099 0.028912 0.066406
0 0.440051 0.196615 0.028061 0.041667
0 0.448554 0.152995 0.028061 0.040365
0 0.441327 0.291016 0.025510 0.040365
0 0.484269 0.447266 0.048469 0.092448
0 0.344813 0.193359 0.026361 0.050781
0 0.365221 0.154948 0.021259 0.041667
0 0.498299 0.048828 0.020408 0.029948
0 0.404762 0.162109 0.037415 0.055990