4 0.060374 0.569010 0.110544 0.098958
0 0.131803 0.510417 0.066327 0.075521
0 0.065901 0.646484 0.089286 0.102865
0 0.217687 0.492839 0.079932 0.092448
0 0.192177 0.603516 0.091837 0.136719
0 0.339286 0.391927 0.071429 0.065104
0 0.607993 0.316406 0.049320 0.044271
0 0.629252 0.264323 0.052721 0.041667
0 0.630527 0.158203 0.028061 0.042969
0 0.620748 0.227865 0.035714 0.031250
0 0.334609 0.442708 0.045068 0.070312
0 0.391582 0.313151 0.038265 0.063802
0 0.414116 0.269531 0.032313 0.044271
0 0.419218 0.343750 0.030612 0.067708
0 0.427296 0.240885 0.021259 0.052083
0 0.465136 0.220703 0.028912 0.066406
0 0.440051 0.195312 0.028061 0.041667
0 0.447704 0.154297 0.028061 0.040365
0 0.441327 0.294922 0.025510 0.040365
0 0.477466 0.473307 0.048469 0.092448
0 0.344813 0.194661 0.026361 0.050781
0 0.365221 0.154948 0.021259 0.041667
0 0.499150 0.047526 0.020408 0.029948
0 0.409864 0.150391 0.037415 0.055990