4 0.060374 0.569010 0.110544 0.098958
0 0.132653 0.511719 0.066327 0.075521
0 0.065901 0.646484 0.089286 0.102865
0 0.216837 0.492839 0.079932 0.092448
0 0.192177 0.604818 0.091837 0.136719
0 0.338435 0.391927 0.071429 0.065104
0 0.608844 0.315104 0.049320 0.044271
0 0.628401 0.264323 0.052721 0.041667
0 0.629677 0.159505 0.028061 0.042969
0 0.620748 0.226562 0.035714 0.031250
0 0.335459 0.442708 0.045068 0.070312
0 0.391582 0.314453 0.036565 0.061198
0 0.413265 0.269531 0.032313 0.044271
0 0.418367 0.346354 0.030612 0.067708
0 0.428146 0.240885 0.021259 0.052083
0 0.464286 0.218750 0.032313 0.072917
0 0.440051 0.195312 0.028061 0.041667
0 0.448554 0.154297 0.028061 0.040365
0 0.441327 0.294922 0.025510 0.040365
0 0.476616 0.473307 0.048469 0.092448
0 0.345663 0.194661 0.026361 0.050781
0 0.364371 0.154948 0.021259 0.041667
0 0.499150 0.048828 0.020408 0.029948
0 0.410714 0.149089 0.037415 0.055990