4 0.058673 0.570312 0.110544 0.098958
0 0.131803 0.510417 0.066327 0.075521
0 0.065901 0.647786 0.089286 0.102865
0 0.217687 0.494141 0.079932 0.092448
0 0.185374 0.611328 0.091837 0.136719
0 0.337585 0.391927 0.071429 0.065104
0 0.607993 0.315104 0.049320 0.044271
0 0.628401 0.264323 0.052721 0.041667
0 0.629677 0.156901 0.028061 0.042969
0 0.620323 0.229167 0.038265 0.033854
0 0.332908 0.444010 0.045068 0.070312
0 0.390731 0.315755 0.036565 0.061198
0 0.414116 0.269531 0.032313 0.044271
0 0.416667 0.346354 0.030612 0.067708
0 0.428146 0.242188 0.021259 0.052083
0 0.464286 0.221354 0.032313 0.072917
0 0.440051 0.195312 0.028061 0.041667
0 0.448554 0.154297 0.028061 0.040365
0 0.439201 0.298177 0.026361 0.041667
0 0.476616 0.498047 0.048469 0.092448
0 0.345663 0.194661 0.026361 0.050781
0 0.364371 0.154948 0.021259 0.041667
0 0.499150 0.050130 0.020408 0.029948
0 0.414541 0.137370 0.034864 0.053385