4 0.059524 0.570312 0.110544 0.098958
0 0.132653 0.510417 0.066327 0.075521
0 0.065901 0.647786 0.089286 0.102865
0 0.217687 0.495443 0.079932 0.092448
0 0.184524 0.613932 0.091837 0.136719
0 0.337585 0.391927 0.071429 0.065104
0 0.607993 0.315104 0.049320 0.044271
0 0.628401 0.264323 0.052721 0.041667
0 0.629677 0.156901 0.028061 0.042969
0 0.620323 0.227865 0.038265 0.033854
0 0.332058 0.445312 0.045068 0.070312
0 0.390731 0.314453 0.038265 0.063802
0 0.413265 0.269531 0.032313 0.044271
0 0.416667 0.347656 0.030612 0.067708
0 0.428146 0.241536 0.022959 0.055990
0 0.465136 0.220052 0.032313 0.072917
0 0.440051 0.196615 0.028061 0.041667
0 0.448554 0.152995 0.028061 0.040365
0 0.439201 0.296875 0.028061 0.044271
0 0.471514 0.501953 0.048469 0.092448
0 0.345663 0.194661 0.026361 0.050781
0 0.364371 0.154948 0.021259 0.041667
0 0.499150 0.047526 0.020408 0.029948
0 0.415391 0.137370 0.034864 0.053385