4 0.059524 0.569010 0.110544 0.098958
0 0.131803 0.509766 0.062925 0.071615
0 0.066752 0.647786 0.089286 0.102865
0 0.215986 0.496745 0.079932 0.092448
0 0.178571 0.619141 0.091837 0.136719
0 0.337585 0.393229 0.071429 0.065104
0 0.607993 0.315104 0.049320 0.044271
0 0.629252 0.264323 0.052721 0.041667
0 0.628827 0.158203 0.028061 0.042969
0 0.620323 0.227865 0.038265 0.033854
0 0.329507 0.446615 0.045068 0.070312
0 0.390731 0.313151 0.038265 0.063802
0 0.414116 0.272135 0.032313 0.044271
0 0.415816 0.350260 0.030612 0.067708
0 0.427296 0.241536 0.022959 0.055990
0 0.464286 0.220052 0.032313 0.072917
0 0.440051 0.194010 0.028061 0.041667
0 0.447704 0.152995 0.028061 0.040365
0 0.439201 0.302083 0.028061 0.044271
0 0.463435 0.533203 0.052721 0.102865
0 0.345663 0.193359 0.026361 0.050781
0 0.365221 0.156250 0.021259 0.041667
0 0.498299 0.047526 0.020408 0.029948
0 0.422194 0.125651 0.033163 0.050781