4 0.060374 0.569010 0.110544 0.098958
0 0.132653 0.511068 0.062925 0.071615
0 0.066752 0.647786 0.089286 0.102865
0 0.215136 0.497396 0.083333 0.096354
0 0.170918 0.626953 0.091837 0.136719
0 0.335034 0.393229 0.071429 0.065104
0 0.608418 0.316406 0.046769 0.041667
0 0.628401 0.263021 0.052721 0.041667
0 0.630527 0.156901 0.028061 0.042969
0 0.620323 0.227865 0.038265 0.033854
0 0.327806 0.447917 0.045068 0.070312
0 0.391582 0.315755 0.038265 0.063802
0 0.412415 0.270833 0.032313 0.044271
0 0.414966 0.352865 0.030612 0.067708
0 0.427296 0.241536 0.022959 0.055990
0 0.464286 0.221354 0.032313 0.072917
0 0.440901 0.195312 0.028061 0.041667
0 0.448554 0.152995 0.028061 0.040365
0 0.437500 0.303385 0.028061 0.044271
0 0.462585 0.557943 0.052721 0.102865
0 0.344813 0.194661 0.026361 0.050781
0 0.364371 0.156250 0.021259 0.041667
0 0.498299 0.050130 0.020408 0.029948
0 0.423895 0.119141 0.033163 0.050781