4 0.059524 0.569010 0.110544 0.098958
0 0.130952 0.509766 0.062925 0.071615
0 0.065901 0.646484 0.089286 0.102865
0 0.214286 0.498698 0.083333 0.096354
0 0.170068 0.626953 0.091837 0.136719
0 0.335034 0.394531 0.071429 0.065104
0 0.608844 0.316406 0.049320 0.044271
0 0.629252 0.264323 0.052721 0.041667
0 0.630527 0.156901 0.028061 0.042969
0 0.621173 0.229167 0.038265 0.033854
0 0.329507 0.447917 0.045068 0.070312
0 0.391582 0.314453 0.038265 0.063802
0 0.414116 0.269531 0.032313 0.044271
0 0.413265 0.354167 0.030612 0.067708
0 0.428146 0.241536 0.022959 0.055990
0 0.464286 0.221354 0.032313 0.072917
0 0.440901 0.196615 0.028061 0.041667
0 0.449405 0.152995 0.028061 0.040365
0 0.436650 0.303385 0.028061 0.044271
0 0.458333 0.567057 0.056122 0.108073
0 0.345663 0.193359 0.026361 0.050781
0 0.364371 0.156250 0.021259 0.041667
0 0.498299 0.048828 0.020408 0.029948
0 0.427296 0.117839 0.033163 0.050781