4 0.059524 0.569010 0.110544 0.098958
0 0.131803 0.509766 0.062925 0.071615
0 0.065901 0.647786 0.089286 0.102865
0 0.214286 0.500000 0.083333 0.096354
0 0.162415 0.632161 0.091837 0.136719
0 0.332483 0.395833 0.071429 0.065104
0 0.607993 0.316406 0.049320 0.044271
0 0.627976 0.263672 0.055272 0.042969
0 0.629677 0.158203 0.028061 0.042969
0 0.621173 0.227865 0.038265 0.033854
0 0.326105 0.449219 0.045068 0.070312
0 0.391582 0.314453 0.038265 0.063802
0 0.413265 0.269531 0.032313 0.044271
0 0.411565 0.355469 0.030612 0.067708
0 0.428146 0.241536 0.022959 0.055990
0 0.465136 0.221354 0.032313 0.072917
0 0.439201 0.195312 0.028061 0.041667
0 0.449405 0.151693 0.028061 0.040365
0 0.436650 0.305990 0.028061 0.044271
0 0.454932 0.600911 0.061224 0.115885
0 0.345663 0.193359 0.026361 0.050781
0 0.365221 0.156250 0.021259 0.041667
0 0.498299 0.048828 0.020408 0.029948
0 0.429847 0.110026 0.033163 0.050781