4 0.059524 0.569010 0.110544 0.098958
0 0.130952 0.511719 0.066327 0.075521
0 0.066752 0.647786 0.089286 0.102865
0 0.214286 0.500000 0.083333 0.096354
0 0.163265 0.633464 0.091837 0.136719
0 0.333333 0.395833 0.071429 0.065104
0 0.608844 0.316406 0.049320 0.044271
0 0.628827 0.264974 0.055272 0.042969
0 0.629677 0.158203 0.028061 0.042969
0 0.621173 0.229167 0.038265 0.033854
0 0.326956 0.450521 0.045068 0.070312
0 0.390731 0.315755 0.038265 0.063802
0 0.412415 0.270833 0.032313 0.044271
0 0.412415 0.355469 0.030612 0.067708
0 0.427296 0.241536 0.022959 0.055990
0 0.465136 0.221354 0.032313 0.072917
0 0.439201 0.196615 0.028061 0.041667
0 0.447704 0.151693 0.028061 0.040365
0 0.437500 0.305990 0.028061 0.044271
0 0.455782 0.608724 0.061224 0.115885
0 0.345663 0.193359 0.026361 0.050781
0 0.365221 0.156250 0.021259 0.041667
0 0.498299 0.050130 0.020408 0.029948
0 0.431548 0.108724 0.033163 0.050781