4 0.059524 0.570312 0.110544 0.098958
0 0.131803 0.511719 0.066327 0.075521
0 0.066752 0.647786 0.089286 0.102865
0 0.213435 0.501302 0.083333 0.096354
0 0.153912 0.642578 0.091837 0.136719
0 0.330782 0.397135 0.071429 0.065104
0 0.608844 0.315104 0.049320 0.044271
0 0.627976 0.264974 0.055272 0.042969
0 0.629677 0.158203 0.028061 0.042969
0 0.621173 0.229167 0.038265 0.033854
0 0.325255 0.451823 0.046769 0.072917
0 0.390731 0.313151 0.038265 0.063802
0 0.414116 0.270833 0.032313 0.044271
0 0.411565 0.356771 0.030612 0.067708
0 0.427296 0.241536 0.022959 0.055990
0 0.465136 0.223307 0.034014 0.076823
0 0.440051 0.195312 0.028061 0.041667
0 0.448554 0.152995 0.028061 0.040365
0 0.436650 0.308594 0.028061 0.044271
0 0.450680 0.649089 0.061224 0.115885
0 0.344813 0.193359 0.026361 0.050781
0 0.364371 0.157552 0.021259 0.041667
0 0.499150 0.048828 0.020408 0.029948
0 0.436650 0.097005 0.033163 0.050781