4 0.059524 0.569010 0.110544 0.098958
0 0.131803 0.509115 0.066327 0.075521
0 0.066752 0.649089 0.089286 0.102865
0 0.212585 0.500000 0.083333 0.096354
0 0.154762 0.641276 0.091837 0.136719
0 0.330782 0.398438 0.071429 0.065104
0 0.607993 0.315104 0.049320 0.044271
0 0.627976 0.263672 0.055272 0.042969
0 0.629677 0.158203 0.028061 0.042969
0 0.621173 0.230469 0.038265 0.033854
0 0.324405 0.450521 0.046769 0.072917
0 0.391582 0.314453 0.038265 0.063802
0 0.413265 0.270833 0.032313 0.044271
0 0.410714 0.358073 0.030612 0.067708
0 0.428146 0.241536 0.022959 0.055990
0 0.465136 0.222005 0.034014 0.076823
0 0.440051 0.196615 0.028061 0.041667
0 0.449405 0.152995 0.028061 0.040365
0 0.435799 0.307292 0.028061 0.044271
0 0.451531 0.649089 0.061224 0.115885
0 0.344813 0.193359 0.026361 0.050781
0 0.364371 0.157552 0.021259 0.041667
0 0.498299 0.050130 0.020408 0.029948
0 0.437500 0.099609 0.033163 0.050781