4 0.060374 0.570312 0.110544 0.098958
0 0.131803 0.511719 0.066327 0.075521
0 0.065051 0.647786 0.089286 0.102865
0 0.213435 0.502604 0.083333 0.096354
0 0.146259 0.647786 0.091837 0.136719
0 0.328231 0.401042 0.071429 0.065104
0 0.608844 0.315104 0.049320 0.044271
0 0.628827 0.263672 0.055272 0.042969
0 0.630527 0.158203 0.028061 0.042969
0 0.621173 0.229167 0.038265 0.033854
0 0.322704 0.453125 0.046769 0.072917
0 0.391582 0.314453 0.038265 0.063802
0 0.413265 0.270833 0.032313 0.044271
0 0.409014 0.359375 0.030612 0.067708
0 0.428146 0.242839 0.022959 0.055990
0 0.465136 0.222005 0.034014 0.076823
0 0.440051 0.196615 0.028061 0.041667
0 0.449405 0.152995 0.028061 0.040365
0 0.435799 0.309896 0.028061 0.044271
0 0.450680 0.694010 0.068027 0.127604
0 0.344813 0.194661 0.026361 0.050781
0 0.365221 0.157552 0.021259 0.041667
0 0.498299 0.048828 0.020408 0.029948
0 0.441752 0.090495 0.033163 0.050781