4 0.058673 0.570312 0.110544 0.098958
0 0.131803 0.510417 0.066327 0.075521
0 0.065901 0.647786 0.089286 0.102865
0 0.212585 0.503906 0.083333 0.096354
0 0.138605 0.651693 0.091837 0.136719
0 0.326531 0.401042 0.071429 0.065104
0 0.607993 0.315104 0.049320 0.044271
0 0.628827 0.263672 0.055272 0.042969
0 0.630527 0.158203 0.028061 0.042969
0 0.621173 0.230469 0.038265 0.033854
0 0.321003 0.457031 0.046769 0.072917
0 0.390731 0.313151 0.038265 0.063802
0 0.413265 0.269531 0.032313 0.044271
0 0.406888 0.360677 0.031463 0.070312
0 0.427296 0.242839 0.022959 0.055990
0 0.465986 0.224609 0.034014 0.076823
0 0.440051 0.194010 0.028061 0.041667
0 0.447704 0.152995 0.028061 0.040365
0 0.434949 0.311198 0.028061 0.044271
0 0.448129 0.725260 0.068027 0.127604
0 0.344813 0.194661 0.026361 0.050781
0 0.365221 0.157552 0.021259 0.041667
0 0.498299 0.050130 0.020408 0.029948
0 0.447704 0.080078 0.033163 0.050781