4 0.059524 0.569010 0.110544 0.098958
0 0.132653 0.511719 0.066327 0.075521
0 0.065051 0.647786 0.089286 0.102865
0 0.211735 0.505208 0.083333 0.096354
0 0.131803 0.656901 0.091837 0.136719
0 0.325680 0.402344 0.074830 0.067708
0 0.608844 0.316406 0.049320 0.044271
0 0.629252 0.263672 0.057823 0.045573
0 0.630527 0.158203 0.028061 0.042969
0 0.620323 0.229167 0.038265 0.033854
0 0.319303 0.458333 0.046769 0.072917
0 0.391582 0.314453 0.038265 0.063802
0 0.412415 0.272135 0.032313 0.044271
0 0.406888 0.363281 0.031463 0.070312
0 0.428146 0.242839 0.022959 0.055990
0 0.465986 0.222005 0.034014 0.076823
0 0.440051 0.195312 0.028061 0.041667
0 0.448554 0.151693 0.028061 0.040365
0 0.434099 0.309896 0.028061 0.044271
0 0.460459 0.798828 0.060374 0.149740
0 0.344813 0.193359 0.026361 0.050781
0 0.364371 0.157552 0.021259 0.041667
0 0.499150 0.047526 0.020408 0.029948
0 0.453656 0.072266 0.033163 0.050781