4 0.057823 0.569010 0.110544 0.098958
0 0.131803 0.509115 0.066327 0.075521
0 0.064201 0.645182 0.089286 0.102865
0 0.219388 0.536458 0.066327 0.127604
0 0.122449 0.666016 0.102041 0.136719
0 0.319728 0.404297 0.078231 0.071615
0 0.607143 0.317708 0.049320 0.044271
0 0.629252 0.266276 0.057823 0.045573
0 0.629677 0.158203 0.028061 0.042969
0 0.621173 0.229167 0.038265 0.033854
0 0.314201 0.464844 0.046769 0.072917
0 0.390731 0.313151 0.038265 0.063802
0 0.413265 0.270833 0.032313 0.044271
0 0.405187 0.370443 0.033163 0.074219
0 0.428146 0.242839 0.022959 0.055990
0 0.464286 0.224609 0.034014 0.076823
0 0.440051 0.194010 0.028061 0.041667
0 0.447704 0.152344 0.028061 0.039062
0 0.432398 0.311198 0.028061 0.044271
0 0.492347 0.922526 0.062925 0.157552
0 0.344813 0.194661 0.026361 0.050781
0 0.365221 0.156250 0.021259 0.041667
0 0.496599 0.047526 0.020408 0.029948
0 0.465561 0.050130 0.033163 0.050781