4 0.057823 0.569010 0.110544 0.098958
0 0.131803 0.507812 0.066327 0.075521
0 0.063350 0.645182 0.089286 0.102865
0 0.217687 0.540365 0.066327 0.127604
0 0.116497 0.672526 0.102041 0.136719
0 0.318027 0.405599 0.078231 0.071615
0 0.607143 0.316406 0.049320 0.044271
0 0.629252 0.266276 0.057823 0.045573
0 0.629677 0.159505 0.028061 0.042969
0 0.621173 0.229167 0.038265 0.033854
0 0.312500 0.467448 0.046769 0.072917
0 0.390731 0.314453 0.038265 0.063802
0 0.413265 0.270833 0.032313 0.044271
0 0.405187 0.371745 0.033163 0.074219
0 0.428997 0.242839 0.022959 0.055990
0 0.463435 0.224609 0.034014 0.076823
0 0.440051 0.194010 0.028061 0.041667
0 0.447704 0.152344 0.028061 0.039062
0 0.432398 0.312500 0.028061 0.044271
0 0.344813 0.194661 0.026361 0.050781
0 0.365221 0.156250 0.021259 0.041667
0 0.496599 0.047526 0.020408 0.029948
0 0.471514 0.043620 0.033163 0.050781