4 0.057823 0.570312 0.110544 0.098958
0 0.131803 0.507812 0.066327 0.075521
0 0.064201 0.646484 0.089286 0.102865
0 0.217687 0.541667 0.066327 0.127604
0 0.114796 0.671224 0.102041 0.136719
0 0.318027 0.405599 0.078231 0.071615
0 0.607143 0.316406 0.049320 0.044271
0 0.629252 0.264974 0.057823 0.045573
0 0.629677 0.156901 0.028061 0.042969
0 0.621173 0.227865 0.038265 0.033854
0 0.311650 0.468750 0.046769 0.072917
0 0.389881 0.314453 0.038265 0.063802
0 0.414116 0.269531 0.032313 0.044271
0 0.404337 0.373047 0.033163 0.074219
0 0.427296 0.242839 0.022959 0.055990
0 0.463435 0.224609 0.034014 0.076823
0 0.439201 0.194010 0.028061 0.041667
0 0.447704 0.151042 0.028061 0.039062
0 0.433248 0.312500 0.028061 0.044271
0 0.343963 0.194661 0.026361 0.050781
0 0.365221 0.156250 0.021259 0.041667
0 0.496599 0.047526 0.020408 0.029948
0 0.472364 0.042318 0.031463 0.048177