4 0.057823 0.570312 0.110544 0.098958
0 0.131803 0.507161 0.062925 0.071615
0 0.063350 0.646484 0.089286 0.102865
0 0.215136 0.546875 0.066327 0.127604
0 0.107993 0.675130 0.102041 0.136719
0 0.315051 0.407552 0.073980 0.067708
0 0.607143 0.317708 0.049320 0.044271
0 0.628401 0.264974 0.057823 0.045573
0 0.630527 0.158203 0.028061 0.042969
0 0.621173 0.227865 0.038265 0.033854
0 0.309099 0.472656 0.046769 0.072917
0 0.390731 0.314453 0.038265 0.063802
0 0.414116 0.269531 0.032313 0.044271
0 0.404337 0.374349 0.033163 0.074219
0 0.428997 0.241536 0.022959 0.055990
0 0.463435 0.224609 0.034014 0.076823
0 0.439201 0.196615 0.028061 0.041667
0 0.448554 0.152344 0.028061 0.039062
0 0.431973 0.314453 0.028912 0.045573
0 0.343963 0.194661 0.026361 0.050781
0 0.365221 0.157552 0.021259 0.041667
0 0.496599 0.047526 0.020408 0.029948
0 0.478316 0.035807 0.029762 0.045573