4 0.057823 0.569010 0.110544 0.098958
0 0.130952 0.507812 0.066327 0.075521
0 0.064201 0.645182 0.089286 0.102865
0 0.212585 0.552083 0.066327 0.127604
0 0.112245 0.679036 0.119048 0.136719
0 0.312925 0.409505 0.081633 0.074219
0 0.607143 0.316406 0.049320 0.044271
0 0.628401 0.266276 0.057823 0.045573
0 0.630527 0.159505 0.028061 0.042969
0 0.622024 0.229167 0.038265 0.033854
0 0.306548 0.475260 0.046769 0.072917
0 0.389031 0.314453 0.038265 0.063802
0 0.413265 0.270833 0.032313 0.044271
0 0.402636 0.374349 0.033163 0.074219
0 0.428146 0.241536 0.022959 0.055990
0 0.463435 0.224609 0.034014 0.076823
0 0.440476 0.193359 0.028912 0.042969
0 0.447704 0.152344 0.028061 0.039062
0 0.431122 0.313151 0.028912 0.045573
0 0.343112 0.193359 0.026361 0.050781
0 0.365221 0.156250 0.021259 0.041667
0 0.496599 0.048828 0.020408 0.029948
0 0.484269 0.029297 0.029762 0.045573