4 0.057823 0.570312 0.110544 0.098958
0 0.131803 0.507812 0.066327 0.075521
0 0.065051 0.645182 0.089286 0.102865
0 0.212585 0.552083 0.066327 0.127604
0 0.112245 0.677734 0.119048 0.136719
0 0.313776 0.410807 0.081633 0.074219
0 0.607143 0.317708 0.049320 0.044271
0 0.628401 0.266276 0.057823 0.045573
0 0.631378 0.159505 0.028061 0.042969
0 0.622024 0.229167 0.038265 0.033854
0 0.306548 0.475260 0.046769 0.072917
0 0.389881 0.315755 0.038265 0.063802
0 0.414116 0.270833 0.032313 0.044271
0 0.401786 0.375651 0.033163 0.074219
0 0.428146 0.241536 0.022959 0.055990
0 0.464286 0.225911 0.034014 0.076823
0 0.440051 0.195312 0.028061 0.041667
0 0.447704 0.152344 0.028061 0.039062
0 0.431122 0.314453 0.028912 0.045573
0 0.343112 0.193359 0.026361 0.050781
0 0.365221 0.154948 0.021259 0.041667
0 0.496599 0.048828 0.020408 0.029948
0 0.485119 0.030599 0.029762 0.045573