4 0.058673 0.570312 0.110544 0.098958
0 0.129252 0.509115 0.066327 0.075521
0 0.065901 0.645182 0.089286 0.102865
0 0.211735 0.555990 0.066327 0.127604
0 0.107143 0.681641 0.119048 0.136719
0 0.311224 0.412109 0.078231 0.071615
0 0.607143 0.316406 0.049320 0.044271
0 0.628401 0.264974 0.057823 0.045573
0 0.630527 0.158203 0.028061 0.042969
0 0.622024 0.227865 0.038265 0.033854
0 0.302721 0.477214 0.044218 0.069010
0 0.389031 0.315755 0.039966 0.066406
0 0.414116 0.270833 0.032313 0.044271
0 0.400935 0.375651 0.033163 0.074219
0 0.427296 0.241536 0.022959 0.055990
0 0.464286 0.224609 0.035714 0.079427
0 0.440051 0.195312 0.028061 0.041667
0 0.447704 0.152344 0.028061 0.039062
0 0.430272 0.314453 0.028912 0.045573
0 0.343112 0.193359 0.026361 0.050781
0 0.365221 0.157552 0.021259 0.041667
0 0.496599 0.047526 0.020408 0.029948