4 0.058673 0.569010 0.110544 0.098958
0 0.125000 0.511068 0.062925 0.071615
0 0.065051 0.645182 0.089286 0.102865
0 0.209184 0.562500 0.073129 0.140625
0 0.102891 0.686849 0.119048 0.136719
0 0.309524 0.414714 0.078231 0.071615
0 0.607143 0.316406 0.049320 0.044271
0 0.628401 0.264974 0.057823 0.045573
0 0.630527 0.158203 0.028061 0.042969
0 0.619473 0.227865 0.038265 0.033854
0 0.302296 0.480469 0.046769 0.072917
0 0.388180 0.317057 0.039966 0.066406
0 0.413265 0.269531 0.032313 0.044271
0 0.399235 0.374349 0.033163 0.074219
0 0.428146 0.242839 0.022959 0.055990
0 0.463435 0.227214 0.037415 0.084635
0 0.440901 0.195312 0.028061 0.041667
0 0.447704 0.152344 0.028061 0.039062
0 0.429422 0.315755 0.028912 0.045573
0 0.343112 0.193359 0.026361 0.050781
0 0.364371 0.156250 0.021259 0.041667
0 0.496599 0.048828 0.020408 0.029948