4 0.057823 0.569010 0.110544 0.098958
0 0.120748 0.512370 0.062925 0.071615
0 0.064201 0.643880 0.089286 0.102865
0 0.206633 0.567708 0.073129 0.140625
0 0.096939 0.692057 0.130952 0.149740
0 0.305697 0.416667 0.073980 0.067708
0 0.607143 0.316406 0.049320 0.044271
0 0.628401 0.264974 0.057823 0.045573
0 0.629677 0.159505 0.028061 0.042969
0 0.620323 0.229167 0.038265 0.033854
0 0.300595 0.479167 0.048469 0.075521
0 0.387330 0.317708 0.041667 0.070312
0 0.413265 0.269531 0.032313 0.044271
0 0.397534 0.376953 0.033163 0.074219
0 0.428146 0.242839 0.022959 0.055990
0 0.464286 0.226562 0.039116 0.088542
0 0.440051 0.194010 0.028061 0.041667
0 0.448554 0.153646 0.028061 0.039062
0 0.430272 0.317057 0.028912 0.045573
0 0.344813 0.193359 0.026361 0.050781
0 0.365221 0.156250 0.021259 0.041667
0 0.496599 0.047526 0.020408 0.029948