4 0.057823 0.571615 0.110544 0.098958
0 0.119898 0.511068 0.062925 0.071615
0 0.064201 0.645182 0.089286 0.102865
0 0.207483 0.566406 0.073129 0.140625
0 0.099490 0.689453 0.130952 0.149740
0 0.307398 0.417969 0.073980 0.067708
0 0.607143 0.316406 0.049320 0.044271
0 0.628401 0.264974 0.057823 0.045573
0 0.630527 0.156901 0.028061 0.042969
0 0.620323 0.229167 0.038265 0.033854
0 0.300595 0.479167 0.048469 0.075521
0 0.387330 0.319010 0.041667 0.070312
0 0.414116 0.270833 0.032313 0.044271
0 0.398384 0.376953 0.033163 0.074219
0 0.428146 0.242839 0.022959 0.055990
0 0.464286 0.226562 0.039116 0.088542
0 0.440051 0.196615 0.028061 0.041667
0 0.448554 0.152344 0.028061 0.039062
0 0.430272 0.315755 0.028912 0.045573
0 0.343112 0.194661 0.026361 0.050781
0 0.365221 0.156250 0.021259 0.041667
0 0.496599 0.047526 0.020408 0.029948