4 0.057823 0.570312 0.110544 0.098958
0 0.113095 0.514974 0.062925 0.071615
0 0.064201 0.643880 0.089286 0.102865
0 0.204932 0.569010 0.073129 0.140625
0 0.094388 0.694661 0.137755 0.157552
0 0.304847 0.419271 0.073980 0.067708
0 0.606293 0.316406 0.049320 0.044271
0 0.628401 0.264974 0.057823 0.045573
0 0.630527 0.156901 0.028061 0.042969
0 0.619898 0.227865 0.035714 0.031250
0 0.300595 0.480469 0.046769 0.072917
0 0.386480 0.319661 0.039966 0.066406
0 0.414116 0.269531 0.032313 0.044271
0 0.397534 0.378255 0.033163 0.074219
0 0.428146 0.242839 0.022959 0.055990
0 0.464286 0.228516 0.037415 0.084635
0 0.439201 0.195312 0.028061 0.041667
0 0.448554 0.152344 0.028061 0.039062
0 0.428571 0.317057 0.028912 0.045573
0 0.343963 0.194661 0.026361 0.050781
0 0.365221 0.156250 0.021259 0.041667
0 0.496599 0.047526 0.020408 0.029948