4 0.058673 0.570312 0.110544 0.098958
0 0.111395 0.516276 0.062925 0.071615
0 0.063350 0.645182 0.089286 0.102865
0 0.204082 0.571615 0.073129 0.140625
0 0.093537 0.697266 0.137755 0.157552
0 0.303997 0.419271 0.073980 0.067708
0 0.606293 0.316406 0.049320 0.044271
0 0.627551 0.264974 0.057823 0.045573
0 0.630527 0.156901 0.028061 0.042969
0 0.620748 0.226562 0.035714 0.031250
0 0.301446 0.480469 0.046769 0.072917
0 0.385629 0.319661 0.039966 0.066406
0 0.414116 0.270833 0.032313 0.044271
0 0.397534 0.378255 0.033163 0.074219
0 0.427296 0.240885 0.021259 0.052083
0 0.464286 0.226562 0.039116 0.088542
0 0.439201 0.195312 0.028061 0.041667
0 0.447704 0.151042 0.028061 0.039062
0 0.428571 0.318359 0.028912 0.045573
0 0.343963 0.194661 0.026361 0.050781
0 0.365221 0.156250 0.021259 0.041667
0 0.496599 0.047526 0.020408 0.029948