4 0.058673 0.570312 0.110544 0.098958
0 0.111395 0.514974 0.062925 0.071615
0 0.063350 0.645182 0.089286 0.102865
0 0.204082 0.570312 0.073129 0.140625
0 0.095238 0.695964 0.137755 0.157552
0 0.304847 0.419271 0.073980 0.067708
0 0.606293 0.315755 0.051020 0.045573
0 0.627551 0.264974 0.057823 0.045573
0 0.630527 0.156901 0.028061 0.042969
0 0.621173 0.229167 0.038265 0.033854
0 0.300595 0.481771 0.046769 0.072917
0 0.385629 0.319661 0.039966 0.066406
0 0.413265 0.270833 0.032313 0.044271
0 0.397534 0.378255 0.033163 0.074219
0 0.428146 0.242188 0.021259 0.052083
0 0.464286 0.227214 0.037415 0.084635
0 0.439201 0.195312 0.028061 0.041667
0 0.447704 0.153646 0.028061 0.039062
0 0.429422 0.318359 0.028912 0.045573
0 0.343963 0.194661 0.026361 0.050781
0 0.365221 0.156250 0.021259 0.041667
0 0.496599 0.047526 0.020408 0.029948