4 0.057823 0.571615 0.110544 0.098958
0 0.100340 0.519531 0.066327 0.075521
0 0.063350 0.645182 0.089286 0.102865
0 0.201956 0.575521 0.077381 0.148438
0 0.091837 0.701172 0.137755 0.157552
0 0.301020 0.419922 0.078231 0.071615
0 0.607143 0.316406 0.049320 0.044271
0 0.627551 0.266276 0.057823 0.045573
0 0.629677 0.158203 0.028061 0.042969
0 0.620323 0.229167 0.038265 0.033854
0 0.298895 0.481771 0.046769 0.072917
0 0.383929 0.322266 0.039966 0.066406
0 0.413265 0.270833 0.032313 0.044271
0 0.395833 0.382161 0.033163 0.074219
0 0.428146 0.242188 0.021259 0.052083
0 0.463435 0.226562 0.039116 0.088542
0 0.439626 0.194661 0.028912 0.042969
0 0.447704 0.153646 0.028061 0.039062
0 0.427721 0.318359 0.028912 0.045573
0 0.344813 0.193359 0.026361 0.050781
0 0.364371 0.156250 0.021259 0.041667
0 0.496599 0.048828 0.020408 0.029948