4 0.058673 0.570312 0.110544 0.098958
0 0.065051 0.646484 0.089286 0.102865
0 0.200255 0.579427 0.077381 0.148438
0 0.088435 0.705078 0.144558 0.165365
0 0.299320 0.421224 0.078231 0.071615
0 0.607143 0.317708 0.049320 0.044271
0 0.627551 0.266276 0.057823 0.045573
0 0.630527 0.159505 0.028061 0.042969
0 0.620323 0.229167 0.038265 0.033854
0 0.299745 0.483073 0.046769 0.072917
0 0.381378 0.325521 0.041667 0.070312
0 0.414116 0.270833 0.032313 0.044271
0 0.391582 0.386068 0.033163 0.074219
0 0.428997 0.240234 0.022959 0.055990
0 0.462585 0.225260 0.039116 0.088542
0 0.439201 0.196615 0.028061 0.041667
0 0.448129 0.154297 0.028912 0.040365
0 0.426871 0.320964 0.028912 0.045573
0 0.344813 0.193359 0.026361 0.050781
0 0.364371 0.156250 0.021259 0.041667
0 0.498299 0.050130 0.020408 0.029948