4 0.057823 0.570312 0.110544 0.098958
0 0.064201 0.645182 0.089286 0.102865
0 0.196854 0.585938 0.077381 0.148438
0 0.085034 0.705078 0.144558 0.165365
0 0.296769 0.425130 0.078231 0.071615
0 0.607143 0.316406 0.049320 0.044271
0 0.628401 0.264974 0.057823 0.045573
0 0.630527 0.156901 0.028061 0.042969
0 0.620323 0.227865 0.038265 0.033854
0 0.297194 0.485677 0.046769 0.072917
0 0.379677 0.328125 0.041667 0.070312
0 0.414966 0.270833 0.032313 0.044271
0 0.389031 0.386068 0.033163 0.074219
0 0.428146 0.241536 0.022959 0.055990
0 0.463435 0.226562 0.039116 0.088542
0 0.440051 0.196615 0.028061 0.041667
0 0.448129 0.151693 0.028912 0.040365
0 0.426020 0.320964 0.028912 0.045573
0 0.343963 0.193359 0.026361 0.050781
0 0.364371 0.156250 0.021259 0.041667
0 0.497449 0.047526 0.020408 0.029948