4 0.057823 0.570312 0.110544 0.098958
0 0.063350 0.647786 0.089286 0.102865
0 0.195153 0.588542 0.077381 0.148438
0 0.084609 0.708333 0.152211 0.174479
0 0.294218 0.427734 0.078231 0.071615
0 0.607143 0.317708 0.049320 0.044271
0 0.627551 0.264974 0.057823 0.045573
0 0.630527 0.156901 0.028061 0.042969
0 0.620323 0.229167 0.038265 0.033854
0 0.295918 0.486328 0.044218 0.069010
0 0.377126 0.330729 0.041667 0.070312
0 0.414116 0.270833 0.032313 0.044271
0 0.388180 0.387370 0.033163 0.074219
0 0.428146 0.242188 0.021259 0.052083
0 0.462585 0.225260 0.039116 0.088542
0 0.440051 0.195312 0.028061 0.041667
0 0.448554 0.152344 0.028061 0.039062
0 0.425170 0.323568 0.028912 0.045573
0 0.343963 0.193359 0.026361 0.050781
0 0.364371 0.154948 0.021259 0.041667
0 0.496599 0.048828 0.020408 0.029948