4 0.058673 0.569010 0.110544 0.098958
0 0.062500 0.647786 0.089286 0.102865
0 0.194728 0.587891 0.085034 0.162760
0 0.085459 0.707031 0.152211 0.174479
0 0.293367 0.427734 0.078231 0.071615
0 0.607143 0.317708 0.049320 0.044271
0 0.627551 0.266276 0.057823 0.045573
0 0.630527 0.158203 0.028061 0.042969
0 0.619898 0.229167 0.035714 0.031250
0 0.296769 0.486328 0.044218 0.069010
0 0.376276 0.331380 0.039966 0.066406
0 0.412415 0.270833 0.032313 0.044271
0 0.387330 0.388672 0.033163 0.074219
0 0.428146 0.242188 0.021259 0.052083
0 0.463435 0.228516 0.037415 0.084635
0 0.440051 0.196615 0.028061 0.041667
0 0.447704 0.153646 0.028061 0.039062
0 0.426020 0.323568 0.028912 0.045573
0 0.343963 0.193359 0.026361 0.050781
0 0.364371 0.157552 0.021259 0.041667
0 0.498299 0.047526 0.020408 0.029948