4 0.058673 0.570312 0.110544 0.098958
0 0.062500 0.646484 0.089286 0.102865
0 0.194728 0.590495 0.085034 0.162760
0 0.084609 0.708333 0.152211 0.174479
0 0.293367 0.429036 0.078231 0.071615
0 0.607143 0.316406 0.049320 0.044271
0 0.628401 0.264974 0.057823 0.045573
0 0.630527 0.158203 0.028061 0.042969
0 0.620748 0.227865 0.035714 0.031250
0 0.297619 0.485026 0.044218 0.069010
0 0.376276 0.332682 0.039966 0.066406
0 0.414116 0.270833 0.032313 0.044271
0 0.388180 0.389974 0.033163 0.074219
0 0.427296 0.240885 0.021259 0.052083
0 0.463435 0.227865 0.039116 0.088542
0 0.440051 0.196615 0.028061 0.041667
0 0.447704 0.153646 0.028061 0.039062
0 0.426020 0.324870 0.028912 0.045573
0 0.343963 0.193359 0.026361 0.050781
0 0.364371 0.157552 0.021259 0.041667
0 0.496599 0.048828 0.020408 0.029948