4 0.058673 0.570312 0.110544 0.098958
0 0.062500 0.645182 0.089286 0.102865
0 0.191327 0.591797 0.085034 0.162760
0 0.085459 0.705729 0.152211 0.174479
0 0.289116 0.431641 0.078231 0.071615
0 0.607143 0.316406 0.049320 0.044271
0 0.628401 0.264974 0.057823 0.045573
0 0.630527 0.158203 0.028061 0.042969
0 0.620323 0.227865 0.038265 0.033854
0 0.295068 0.486328 0.044218 0.069010
0 0.372874 0.335286 0.039966 0.066406
0 0.414116 0.270833 0.032313 0.044271
0 0.386480 0.388672 0.033163 0.074219
0 0.428146 0.242188 0.021259 0.052083
0 0.462585 0.227865 0.039116 0.088542
0 0.440051 0.194010 0.028061 0.041667
0 0.447704 0.153646 0.028061 0.039062
0 0.424320 0.328776 0.028912 0.045573
0 0.344813 0.194661 0.026361 0.050781
0 0.364371 0.157552 0.021259 0.041667
0 0.497449 0.048828 0.020408 0.029948