4 0.057823 0.567057 0.110544 0.102865
0 0.060799 0.646484 0.089286 0.102865
0 0.191327 0.590495 0.085034 0.162760
0 0.072279 0.688802 0.127551 0.140625
0 0.289966 0.430339 0.078231 0.071615
0 0.607993 0.316406 0.049320 0.044271
0 0.629252 0.263672 0.057823 0.045573
0 0.630527 0.158203 0.028061 0.042969
0 0.619473 0.227865 0.038265 0.033854
0 0.306973 0.486328 0.064626 0.074219
0 0.372874 0.332682 0.039966 0.066406
0 0.412415 0.270833 0.032313 0.044271
0 0.386480 0.388672 0.033163 0.074219
0 0.426446 0.241536 0.022959 0.055990
0 0.454082 0.287760 0.039116 0.088542
0 0.439201 0.194010 0.028061 0.041667
0 0.448554 0.153646 0.028061 0.039062
0 0.428146 0.327474 0.033163 0.045573
0 0.344813 0.194661 0.026361 0.050781
0 0.364371 0.157552 0.021259 0.041667
0 0.496599 0.047526 0.020408 0.029948