4 0.056973 0.567057 0.110544 0.102865
0 0.061650 0.646484 0.089286 0.102865
0 0.188776 0.591797 0.085034 0.162760
0 0.073129 0.690104 0.127551 0.140625
0 0.285714 0.435547 0.078231 0.071615
0 0.607993 0.316406 0.049320 0.044271
0 0.628401 0.264974 0.057823 0.045573
0 0.630527 0.156901 0.028061 0.042969
0 0.619473 0.227865 0.038265 0.033854
0 0.305272 0.486328 0.064626 0.074219
0 0.370323 0.339193 0.039966 0.066406
0 0.412415 0.270833 0.032313 0.044271
0 0.386480 0.391276 0.033163 0.074219
0 0.425595 0.240234 0.022959 0.055990
0 0.453231 0.290365 0.039116 0.088542
0 0.440051 0.195312 0.028061 0.041667
0 0.448554 0.153646 0.028061 0.039062
0 0.426446 0.330078 0.033163 0.045573
0 0.344813 0.193359 0.026361 0.050781
0 0.365221 0.156250 0.021259 0.041667
0 0.497449 0.047526 0.020408 0.029948
0 0.304422 0.333333 0.057823 0.057292