4 0.057823 0.567057 0.110544 0.102865
0 0.061650 0.645182 0.089286 0.102865
0 0.185374 0.595703 0.085034 0.162760
0 0.073980 0.691406 0.127551 0.140625
0 0.278912 0.438151 0.078231 0.071615
0 0.606718 0.315104 0.046769 0.041667
0 0.627551 0.264974 0.057823 0.045573
0 0.630527 0.156901 0.028061 0.042969
0 0.618622 0.229167 0.038265 0.033854
0 0.302721 0.487630 0.064626 0.074219
0 0.366922 0.341797 0.039966 0.066406
0 0.412415 0.269531 0.032313 0.044271
0 0.385629 0.389974 0.033163 0.074219
0 0.427296 0.241536 0.022959 0.055990
0 0.453231 0.291016 0.040816 0.092448
0 0.440901 0.195312 0.028061 0.041667
0 0.448554 0.152344 0.028061 0.039062
0 0.426446 0.331380 0.033163 0.045573
0 0.343112 0.194661 0.026361 0.050781
0 0.365221 0.156250 0.021259 0.041667
0 0.497449 0.047526 0.020408 0.029948
0 0.312925 0.322917 0.057823 0.057292