4 0.056973 0.568359 0.110544 0.102865
0 0.061650 0.645182 0.089286 0.102865
0 0.185374 0.594401 0.085034 0.162760
0 0.073980 0.690104 0.127551 0.140625
0 0.262330 0.450521 0.073980 0.067708
0 0.607993 0.315104 0.049320 0.044271
0 0.627551 0.262370 0.057823 0.045573
0 0.630527 0.156901 0.028061 0.042969
0 0.618197 0.226562 0.035714 0.031250
0 0.301020 0.488281 0.071429 0.080729
0 0.360119 0.349609 0.041667 0.069010
0 0.411565 0.268229 0.032313 0.044271
0 0.383078 0.393880 0.033163 0.074219
0 0.426446 0.241536 0.022959 0.055990
0 0.453231 0.291667 0.039116 0.088542
0 0.440051 0.195312 0.028061 0.041667
0 0.449405 0.153646 0.028061 0.039062
0 0.422194 0.336589 0.033163 0.045573
0 0.343112 0.193359 0.026361 0.050781
0 0.365221 0.156250 0.021259 0.041667
0 0.497449 0.047526 0.020408 0.029948
0 0.332058 0.299479 0.051871 0.052083