4 0.056973 0.569661 0.110544 0.102865
0 0.061650 0.646484 0.089286 0.102865
0 0.186224 0.594401 0.085034 0.162760
0 0.073129 0.691406 0.127551 0.140625
0 0.261480 0.449219 0.073980 0.067708
0 0.607993 0.315104 0.049320 0.044271
0 0.628401 0.262370 0.057823 0.045573
0 0.630527 0.156901 0.028061 0.042969
0 0.618622 0.229167 0.038265 0.033854
0 0.301020 0.489583 0.071429 0.080729
0 0.358418 0.348307 0.041667 0.069010
0 0.412415 0.270833 0.032313 0.044271
0 0.382228 0.393880 0.033163 0.074219
0 0.426446 0.242839 0.022959 0.055990
0 0.453231 0.291667 0.039116 0.088542
0 0.440051 0.195312 0.028061 0.041667
0 0.447704 0.153646 0.028061 0.039062
0 0.422194 0.339193 0.033163 0.045573
0 0.343963 0.193359 0.026361 0.050781
0 0.365221 0.157552 0.021259 0.041667
0 0.498299 0.047526 0.020408 0.029948
0 0.331207 0.298177 0.051871 0.052083