4 0.056973 0.568359 0.110544 0.102865
0 0.061650 0.646484 0.089286 0.102865
0 0.186224 0.594401 0.085034 0.162760
0 0.073129 0.690104 0.127551 0.140625
0 0.261480 0.449219 0.073980 0.067708
0 0.607993 0.316406 0.049320 0.044271
0 0.627551 0.263672 0.057823 0.045573
0 0.630527 0.156901 0.028061 0.042969
0 0.618622 0.227865 0.038265 0.033854
0 0.301020 0.488281 0.071429 0.080729
0 0.359269 0.349609 0.041667 0.069010
0 0.412415 0.270833 0.032313 0.044271
0 0.381803 0.391276 0.034014 0.076823
0 0.427296 0.242839 0.022959 0.055990
0 0.454082 0.290365 0.039116 0.088542
0 0.440901 0.194010 0.028061 0.041667
0 0.448554 0.152344 0.028061 0.039062
0 0.423044 0.337891 0.033163 0.045573
0 0.343963 0.194661 0.026361 0.050781
0 0.364371 0.157552 0.021259 0.041667
0 0.496599 0.048828 0.020408 0.029948
0 0.331207 0.299479 0.051871 0.052083