4 0.057823 0.569661 0.110544 0.102865
0 0.061650 0.643880 0.089286 0.102865
0 0.187075 0.594401 0.085034 0.162760
0 0.073129 0.691406 0.127551 0.140625
0 0.256803 0.452474 0.078231 0.071615
0 0.607993 0.316406 0.049320 0.044271
0 0.628401 0.263672 0.057823 0.045573
0 0.629677 0.156901 0.028061 0.042969
0 0.619473 0.227865 0.038265 0.033854
0 0.301871 0.490234 0.064626 0.074219
0 0.353316 0.354818 0.041667 0.069010
0 0.413265 0.269531 0.032313 0.044271
0 0.380102 0.391927 0.035714 0.080729
0 0.426446 0.242839 0.022959 0.055990
0 0.454082 0.292969 0.039116 0.088542
0 0.440901 0.194010 0.028061 0.041667
0 0.448554 0.153646 0.028061 0.039062
0 0.420493 0.340495 0.033163 0.045573
0 0.343963 0.194661 0.026361 0.050781
0 0.364371 0.157552 0.021259 0.041667
0 0.496599 0.047526 0.020408 0.029948
0 0.340561 0.286458 0.051871 0.052083