4 0.056973 0.569661 0.110544 0.102865
0 0.061650 0.643880 0.089286 0.102865
0 0.187075 0.595703 0.085034 0.162760
0 0.073129 0.690104 0.127551 0.140625
0 0.256803 0.452474 0.078231 0.071615
0 0.607143 0.315104 0.049320 0.044271
0 0.627551 0.262370 0.057823 0.045573
0 0.629677 0.156901 0.028061 0.042969
0 0.619473 0.227865 0.038265 0.033854
0 0.301020 0.491536 0.064626 0.074219
0 0.354167 0.353516 0.041667 0.069010
0 0.412415 0.269531 0.032313 0.044271
0 0.380952 0.392578 0.034014 0.076823
0 0.427296 0.242839 0.022959 0.055990
0 0.454082 0.292969 0.039116 0.088542
0 0.440901 0.195312 0.028061 0.041667
0 0.449405 0.153646 0.028061 0.039062
0 0.420493 0.340495 0.033163 0.045573
0 0.344813 0.193359 0.026361 0.050781
0 0.364371 0.157552 0.021259 0.041667
0 0.496599 0.047526 0.020408 0.029948
0 0.340561 0.286458 0.051871 0.052083