4 0.056122 0.567057 0.110544 0.102865
0 0.061650 0.643880 0.089286 0.102865
0 0.186224 0.597005 0.085034 0.162760
0 0.073129 0.688802 0.127551 0.140625
0 0.250000 0.456380 0.078231 0.071615
0 0.607993 0.316406 0.049320 0.044271
0 0.628401 0.263672 0.057823 0.045573
0 0.630527 0.156901 0.028061 0.042969
0 0.618622 0.227865 0.038265 0.033854
0 0.301020 0.490234 0.064626 0.074219
0 0.349065 0.360026 0.041667 0.069010
0 0.412415 0.269531 0.032313 0.044271
0 0.380102 0.395833 0.035714 0.080729
0 0.425595 0.242839 0.022959 0.055990
0 0.452381 0.293620 0.040816 0.092448
0 0.439201 0.195312 0.028061 0.041667
0 0.447704 0.152344 0.028061 0.039062
0 0.418793 0.343099 0.033163 0.045573
0 0.343963 0.193359 0.026361 0.050781
0 0.365221 0.156250 0.021259 0.041667
0 0.497449 0.048828 0.020408 0.029948
0 0.348214 0.276042 0.051871 0.052083