4 0.056122 0.569661 0.110544 0.102865
0 0.062500 0.645182 0.089286 0.102865
0 0.187075 0.595703 0.085034 0.162760
0 0.073980 0.690104 0.127551 0.140625
0 0.244898 0.461589 0.078231 0.071615
0 0.607143 0.315104 0.049320 0.044271
0 0.627551 0.263672 0.057823 0.045573
0 0.629677 0.158203 0.028061 0.042969
0 0.618622 0.227865 0.038265 0.033854
0 0.301871 0.490234 0.064626 0.074219
0 0.345663 0.365234 0.041667 0.069010
0 0.413265 0.269531 0.032313 0.044271
0 0.378401 0.395833 0.035714 0.080729
0 0.426446 0.241536 0.022959 0.055990
0 0.453231 0.293620 0.040816 0.092448
0 0.439201 0.195312 0.028061 0.041667
0 0.447704 0.153646 0.028061 0.039062
0 0.418793 0.345703 0.033163 0.045573
0 0.344813 0.194661 0.026361 0.050781
0 0.364796 0.155599 0.022109 0.042969
0 0.497449 0.048828 0.020408 0.029948
0 0.355017 0.266927 0.050170 0.049479