4 0.056122 0.568359 0.110544 0.102865
0 0.061650 0.645182 0.089286 0.102865
0 0.186224 0.597005 0.085034 0.162760
0 0.072279 0.691406 0.127551 0.140625
0 0.237245 0.466797 0.078231 0.071615
0 0.607143 0.315104 0.049320 0.044271
0 0.628401 0.263672 0.057823 0.045573
0 0.630527 0.158203 0.028061 0.042969
0 0.619048 0.227865 0.035714 0.031250
0 0.301871 0.491536 0.064626 0.074219
0 0.336310 0.373047 0.039966 0.066406
0 0.411565 0.270833 0.032313 0.044271
0 0.378401 0.398438 0.035714 0.080729
0 0.426446 0.240234 0.022959 0.055990
0 0.452381 0.294922 0.040816 0.092448
0 0.439201 0.195312 0.028061 0.041667
0 0.448554 0.152344 0.028061 0.039062
0 0.416241 0.348307 0.033163 0.045573
0 0.343963 0.194661 0.026361 0.050781
0 0.365221 0.157552 0.021259 0.041667
0 0.496599 0.050130 0.020408 0.029948
0 0.368622 0.248047 0.045068 0.045573