4 0.056973 0.568359 0.110544 0.102865
0 0.062500 0.645182 0.089286 0.102865
0 0.185374 0.595703 0.085034 0.162760
0 0.073129 0.691406 0.127551 0.140625
0 0.237245 0.465495 0.078231 0.071615
0 0.607143 0.315755 0.051020 0.045573
0 0.628401 0.263672 0.057823 0.045573
0 0.631378 0.158203 0.028061 0.042969
0 0.618622 0.229167 0.038265 0.033854
0 0.301871 0.490234 0.064626 0.074219
0 0.335459 0.374349 0.039966 0.066406
0 0.412415 0.270833 0.032313 0.044271
0 0.377551 0.397135 0.035714 0.080729
0 0.426446 0.241536 0.022959 0.055990
0 0.451531 0.293620 0.040816 0.092448
0 0.440051 0.195312 0.028061 0.041667
0 0.448554 0.152344 0.028061 0.039062
0 0.416241 0.349609 0.033163 0.045573
0 0.343963 0.194661 0.026361 0.050781
0 0.364371 0.157552 0.021259 0.041667
0 0.497449 0.050130 0.020408 0.029948
0 0.368622 0.248047 0.045068 0.045573