4 0.056122 0.568359 0.110544 0.102865
0 0.061650 0.645182 0.089286 0.102865
0 0.186224 0.597005 0.085034 0.162760
0 0.073129 0.690104 0.127551 0.140625
0 0.230442 0.470703 0.078231 0.071615
0 0.606293 0.316406 0.049320 0.044271
0 0.627551 0.262370 0.057823 0.045573
0 0.629677 0.156901 0.028061 0.042969
0 0.617772 0.229167 0.038265 0.033854
0 0.301020 0.491536 0.064626 0.074219
0 0.326956 0.383464 0.039966 0.066406
0 0.411565 0.270833 0.032313 0.044271
0 0.376701 0.398438 0.035714 0.080729
0 0.426446 0.241536 0.022959 0.055990
0 0.452381 0.296224 0.040816 0.092448
0 0.440051 0.195312 0.028061 0.041667
0 0.447704 0.153646 0.028061 0.039062
0 0.415391 0.348307 0.033163 0.045573
0 0.343112 0.193359 0.026361 0.050781
0 0.364371 0.157552 0.021259 0.041667
0 0.497449 0.048828 0.020408 0.029948
0 0.377126 0.229818 0.045068 0.045573