4 0.056973 0.569661 0.110544 0.102865
0 0.061650 0.645182 0.089286 0.102865
0 0.185374 0.595703 0.085034 0.162760
0 0.073129 0.691406 0.127551 0.140625
0 0.227041 0.474609 0.078231 0.071615
0 0.606293 0.315104 0.049320 0.044271
0 0.627551 0.262370 0.057823 0.045573
0 0.629677 0.156901 0.028061 0.042969
0 0.618197 0.226562 0.035714 0.031250
0 0.301020 0.492839 0.064626 0.074219
0 0.321854 0.387370 0.039966 0.066406
0 0.412415 0.270833 0.032313 0.044271
0 0.376701 0.399740 0.035714 0.080729
0 0.427296 0.241536 0.022959 0.055990
0 0.452381 0.296224 0.040816 0.092448
0 0.440051 0.195312 0.028061 0.041667
0 0.448129 0.152995 0.028912 0.040365
0 0.415391 0.350911 0.033163 0.045573
0 0.343963 0.193359 0.026361 0.050781
0 0.364371 0.156250 0.021259 0.041667
0 0.496599 0.051432 0.020408 0.029948
0 0.383503 0.214193 0.040816 0.040365