4 0.056973 0.568359 0.110544 0.102865
0 0.061650 0.646484 0.089286 0.102865
0 0.186224 0.595703 0.085034 0.162760
0 0.073129 0.691406 0.127551 0.140625
0 0.225340 0.474609 0.078231 0.071615
0 0.607143 0.315755 0.051020 0.045573
0 0.627551 0.262370 0.057823 0.045573
0 0.629677 0.156901 0.028061 0.042969
0 0.618197 0.226562 0.035714 0.031250
0 0.299320 0.492188 0.061224 0.070312
0 0.319303 0.389974 0.039966 0.066406
0 0.412415 0.270833 0.032313 0.044271
0 0.375850 0.401042 0.035714 0.080729
0 0.426446 0.242839 0.022959 0.055990
0 0.452381 0.297526 0.040816 0.092448
0 0.440901 0.194010 0.028061 0.041667
0 0.447279 0.152995 0.028912 0.040365
0 0.415391 0.350911 0.033163 0.045573
0 0.343112 0.192057 0.026361 0.050781
0 0.365221 0.156250 0.021259 0.041667
0 0.497449 0.052734 0.020408 0.029948
0 0.386054 0.206380 0.040816 0.040365