4 0.056973 0.569661 0.110544 0.102865
0 0.061650 0.645182 0.089286 0.102865
0 0.186224 0.595703 0.085034 0.162760
0 0.073129 0.690104 0.127551 0.140625
0 0.223639 0.474609 0.078231 0.071615
0 0.607143 0.316406 0.049320 0.044271
0 0.627551 0.262370 0.057823 0.045573
0 0.629677 0.156901 0.028061 0.042969
0 0.618197 0.226562 0.035714 0.031250
0 0.299320 0.491536 0.064626 0.074219
0 0.318452 0.392578 0.039966 0.066406
0 0.412415 0.269531 0.032313 0.044271
0 0.375850 0.401042 0.035714 0.080729
0 0.426446 0.242839 0.022959 0.055990
0 0.452381 0.297526 0.040816 0.092448
0 0.439201 0.196615 0.028061 0.041667
0 0.448129 0.152995 0.028912 0.040365
0 0.416241 0.349609 0.033163 0.045573
0 0.343112 0.193359 0.026361 0.050781
0 0.364371 0.156250 0.021259 0.041667
0 0.496599 0.052734 0.020408 0.029948
0 0.386054 0.205078 0.040816 0.040365
0 0.276361 0.350911 0.054422 0.063802