4 0.056122 0.568359 0.110544 0.102865
0 0.061650 0.645182 0.089286 0.102865
0 0.182433 0.624731 0.085034 0.162760
0 0.073129 0.691406 0.127551 0.140625
0 0.221939 0.481141 0.078231 0.087580
0 0.607993 0.315104 0.049320 0.044271
0 0.628401 0.263672 0.057823 0.045573
0 0.629677 0.156901 0.028061 0.042969
0 0.619473 0.229167 0.038265 0.033854
0 0.297145 0.507352 0.076948 0.120663
0 0.322634 0.393880 0.056832 0.069010
0 0.412415 0.269531 0.032313 0.044271
0 0.375850 0.401042 0.035714 0.080729
0 0.427296 0.241536 0.022959 0.055990
0 0.452381 0.297526 0.040816 0.092448
0 0.439201 0.195312 0.028061 0.041667
0 0.448129 0.154297 0.028912 0.040365
0 0.415391 0.349609 0.033163 0.045573
0 0.343963 0.193359 0.026361 0.050781
0 0.365221 0.156250 0.021259 0.041667
0 0.497449 0.052734 0.020408 0.029948
0 0.390306 0.197266 0.040816 0.040365
0 0.280612 0.343099 0.054422 0.063802
0 0.488389 0.120034 0.025592 0.049347