4 0.055272 0.567057 0.110544 0.102865
0 0.061650 0.643880 0.089286 0.102865
0 0.181973 0.624349 0.085034 0.162760
0 0.072279 0.688802 0.127551 0.140625
0 0.219388 0.483724 0.078231 0.087240
0 0.607993 0.313802 0.049320 0.044271
0 0.627551 0.263672 0.057823 0.045573
0 0.629677 0.156901 0.028061 0.042969
0 0.619473 0.229167 0.038265 0.033854
0 0.295918 0.506510 0.076531 0.119792
0 0.319728 0.396484 0.059524 0.071615
0 0.412415 0.272135 0.032313 0.044271
0 0.375000 0.401042 0.035714 0.080729
0 0.426446 0.241536 0.022959 0.055990
0 0.451531 0.294922 0.040816 0.092448
0 0.438350 0.194010 0.028061 0.041667
0 0.447279 0.154297 0.028912 0.040365
0 0.414541 0.349609 0.033163 0.045573
0 0.343112 0.194661 0.026361 0.050781
0 0.365221 0.156250 0.021259 0.041667
0 0.495748 0.052734 0.020408 0.029948
0 0.394133 0.188151 0.038265 0.037760
0 0.280612 0.337891 0.054422 0.063802
0 0.487245 0.123047 0.025510 0.048177