4 0.056122 0.567057 0.110544 0.102865
0 0.059949 0.643880 0.089286 0.102865
0 0.181122 0.625651 0.085034 0.162760
0 0.073129 0.688802 0.127551 0.140625
0 0.216837 0.483724 0.078231 0.087240
0 0.607993 0.312500 0.049320 0.044271
0 0.628401 0.263672 0.057823 0.045573
0 0.629677 0.156901 0.028061 0.042969
0 0.619473 0.229167 0.038265 0.033854
0 0.295068 0.509115 0.076531 0.119792
0 0.317177 0.399089 0.059524 0.071615
0 0.411565 0.270833 0.032313 0.044271
0 0.375000 0.401042 0.035714 0.080729
0 0.426446 0.240885 0.021259 0.052083
0 0.452381 0.297526 0.040816 0.092448
0 0.438350 0.195312 0.028061 0.041667
0 0.446429 0.154297 0.028912 0.040365
0 0.415391 0.349609 0.033163 0.045573
0 0.343112 0.194661 0.026361 0.050781
0 0.365221 0.156250 0.021259 0.041667
0 0.496599 0.052734 0.020408 0.029948
0 0.395833 0.180339 0.038265 0.037760
0 0.487245 0.125651 0.025510 0.048177
0 0.303997 0.322266 0.056973 0.066406