4 0.056122 0.567057 0.110544 0.102865
0 0.060799 0.645182 0.089286 0.102865
0 0.182823 0.625651 0.085034 0.162760
0 0.072279 0.691406 0.127551 0.140625
0 0.215986 0.486328 0.078231 0.087240
0 0.607993 0.313802 0.049320 0.044271
0 0.627551 0.264974 0.057823 0.045573
0 0.629677 0.156901 0.028061 0.042969
0 0.619473 0.227865 0.038265 0.033854
0 0.295068 0.509115 0.076531 0.119792
0 0.316327 0.399089 0.059524 0.071615
0 0.411565 0.272135 0.032313 0.044271
0 0.375000 0.401042 0.035714 0.080729
0 0.426446 0.242839 0.022959 0.055990
0 0.451531 0.296224 0.040816 0.092448
0 0.438350 0.195312 0.028061 0.041667
0 0.448129 0.154297 0.028912 0.040365
0 0.414541 0.349609 0.033163 0.045573
0 0.343112 0.194661 0.026361 0.050781
0 0.365221 0.156250 0.021259 0.041667
0 0.495323 0.053385 0.021259 0.031250
0 0.400085 0.174479 0.036565 0.036458
0 0.486395 0.130859 0.025510 0.048177
0 0.311650 0.313151 0.056973 0.066406