4 0.055272 0.568359 0.110544 0.102865
0 0.061650 0.645182 0.089286 0.102865
0 0.181973 0.625651 0.085034 0.162760
0 0.072279 0.688802 0.127551 0.140625
0 0.205782 0.487630 0.078231 0.087240
0 0.607993 0.313802 0.049320 0.044271
0 0.628401 0.263672 0.057823 0.045573
0 0.630527 0.154297 0.028061 0.042969
0 0.619473 0.230469 0.038265 0.033854
0 0.294218 0.510417 0.076531 0.119792
0 0.306548 0.407552 0.062075 0.075521
0 0.407313 0.279948 0.032313 0.044271
0 0.374150 0.402344 0.035714 0.080729
0 0.426020 0.242839 0.023810 0.058594
0 0.451531 0.296224 0.040816 0.092448
0 0.438350 0.195312 0.028061 0.041667
0 0.446429 0.152995 0.028912 0.040365
0 0.414541 0.348307 0.033163 0.045573
0 0.343112 0.194661 0.026361 0.050781
0 0.364371 0.156250 0.021259 0.041667
0 0.494898 0.056641 0.022109 0.032552
0 0.408588 0.149089 0.038265 0.037760
0 0.484694 0.143880 0.025510 0.048177
0 0.338010 0.278646 0.046769 0.054688