4 0.055272 0.568359 0.110544 0.102865
0 0.061650 0.643880 0.089286 0.102865
0 0.181122 0.625651 0.085034 0.162760
0 0.073129 0.690104 0.127551 0.140625
0 0.205782 0.488932 0.078231 0.087240
0 0.607993 0.313802 0.049320 0.044271
0 0.628401 0.263672 0.057823 0.045573
0 0.630527 0.154297 0.028061 0.042969
0 0.618622 0.227865 0.038265 0.033854
0 0.294218 0.509115 0.076531 0.119792
0 0.304847 0.408854 0.062075 0.075521
0 0.408163 0.278646 0.032313 0.044271
0 0.374150 0.401042 0.035714 0.080729
0 0.426020 0.242839 0.023810 0.058594
0 0.451531 0.298828 0.040816 0.092448
0 0.437500 0.194010 0.028061 0.041667
0 0.447279 0.154297 0.028912 0.040365
0 0.414541 0.348307 0.033163 0.045573
0 0.343112 0.194661 0.026361 0.050781
0 0.365221 0.156250 0.021259 0.041667
0 0.495748 0.057943 0.022109 0.032552
0 0.408588 0.150391 0.038265 0.037760
0 0.483844 0.143880 0.025510 0.048177
0 0.337160 0.279948 0.046769 0.054688