4 0.055272 0.568359 0.110544 0.102865
0 0.060799 0.645182 0.089286 0.102865
0 0.181973 0.624349 0.085034 0.162760
0 0.072279 0.690104 0.127551 0.140625
0 0.203231 0.490234 0.078231 0.087240
0 0.607993 0.313802 0.049320 0.044271
0 0.628401 0.263672 0.057823 0.045573
0 0.630527 0.154297 0.028061 0.042969
0 0.619473 0.229167 0.038265 0.033854
0 0.293367 0.511719 0.076531 0.119792
0 0.303146 0.410156 0.062075 0.075521
0 0.405612 0.279948 0.032313 0.044271
0 0.375000 0.403646 0.035714 0.080729
0 0.425170 0.244141 0.023810 0.058594
0 0.451531 0.297526 0.040816 0.092448
0 0.437925 0.195964 0.028912 0.042969
0 0.446429 0.154297 0.028912 0.040365
0 0.414541 0.349609 0.033163 0.045573
0 0.343963 0.194661 0.026361 0.050781
0 0.365221 0.156250 0.021259 0.041667
0 0.495748 0.059245 0.022109 0.032552
0 0.412840 0.142578 0.038265 0.037760
0 0.483844 0.149089 0.025510 0.048177
0 0.345663 0.269531 0.046769 0.054688