4 0.055272 0.569661 0.110544 0.102865
0 0.060799 0.645182 0.089286 0.102865
0 0.181973 0.625651 0.085034 0.162760
0 0.072279 0.688802 0.127551 0.140625
0 0.198129 0.494141 0.078231 0.087240
0 0.607143 0.315104 0.049320 0.044271
0 0.628401 0.264974 0.057823 0.045573
0 0.630527 0.155599 0.028061 0.042969
0 0.619048 0.227865 0.035714 0.031250
0 0.294218 0.510417 0.076531 0.119792
0 0.298044 0.415365 0.062075 0.075521
0 0.403912 0.285156 0.032313 0.044271
0 0.375000 0.402344 0.035714 0.080729
0 0.426020 0.242839 0.023810 0.058594
0 0.450680 0.297526 0.040816 0.092448
0 0.437925 0.194661 0.028912 0.042969
0 0.448129 0.152995 0.028912 0.040365
0 0.415391 0.349609 0.033163 0.045573
0 0.344813 0.194661 0.026361 0.050781
0 0.365221 0.157552 0.021259 0.041667
0 0.494048 0.060547 0.022109 0.032552
0 0.416241 0.134115 0.036565 0.036458
0 0.482143 0.152995 0.025510 0.048177
0 0.353316 0.260417 0.045068 0.052083