4 0.055272 0.569661 0.110544 0.102865
0 0.060799 0.645182 0.089286 0.102865
0 0.182823 0.625651 0.085034 0.162760
0 0.072279 0.688802 0.127551 0.140625
0 0.194728 0.494141 0.078231 0.087240
0 0.607143 0.313802 0.049320 0.044271
0 0.629252 0.264974 0.057823 0.045573
0 0.630527 0.155599 0.028061 0.042969
0 0.619048 0.227865 0.035714 0.031250
0 0.293367 0.510417 0.076531 0.119792
0 0.295493 0.416667 0.062075 0.075521
0 0.403061 0.289062 0.032313 0.044271
0 0.375000 0.402344 0.035714 0.080729
0 0.426020 0.242839 0.023810 0.058594
0 0.451531 0.300130 0.040816 0.092448
0 0.437075 0.194661 0.028912 0.042969
0 0.447279 0.154297 0.028912 0.040365
0 0.414541 0.349609 0.033163 0.045573
0 0.343963 0.194661 0.026361 0.050781
0 0.364371 0.157552 0.021259 0.041667
0 0.494473 0.062500 0.021259 0.031250
0 0.417942 0.126302 0.034864 0.033854
0 0.480867 0.158203 0.026361 0.050781
0 0.359694 0.250000 0.042517 0.049479