4 0.056122 0.568359 0.110544 0.102865
0 0.059949 0.643880 0.089286 0.102865
0 0.181973 0.624349 0.085034 0.162760
0 0.073554 0.690755 0.133503 0.147135
0 0.194728 0.494141 0.078231 0.087240
0 0.607143 0.313802 0.049320 0.044271
0 0.629252 0.263672 0.057823 0.045573
0 0.630527 0.156901 0.028061 0.042969
0 0.619048 0.227865 0.035714 0.031250
0 0.293367 0.511719 0.076531 0.119792
0 0.295493 0.415365 0.062075 0.075521
0 0.402211 0.289062 0.032313 0.044271
0 0.375000 0.403646 0.035714 0.080729
0 0.425170 0.242839 0.023810 0.058594
0 0.450680 0.298828 0.040816 0.092448
0 0.437925 0.194661 0.028912 0.042969
0 0.448129 0.152995 0.028912 0.040365
0 0.414541 0.349609 0.033163 0.045573
0 0.343963 0.194661 0.026361 0.050781
0 0.365221 0.154948 0.021259 0.041667
0 0.495323 0.062500 0.021259 0.031250
0 0.417942 0.126302 0.034864 0.033854
0 0.482568 0.156901 0.026361 0.050781
0 0.360544 0.248698 0.042517 0.049479