4 0.056122 0.567057 0.110544 0.102865
0 0.060799 0.645182 0.089286 0.102865
0 0.182823 0.625651 0.085034 0.162760
0 0.072279 0.691406 0.127551 0.140625
0 0.191327 0.495443 0.078231 0.087240
0 0.607143 0.313802 0.049320 0.044271
0 0.628401 0.263672 0.057823 0.045573
0 0.630527 0.156901 0.028061 0.042969
0 0.618197 0.227865 0.035714 0.031250
0 0.293367 0.509115 0.076531 0.119792
0 0.292942 0.417969 0.062075 0.075521
0 0.399660 0.294271 0.032313 0.044271
0 0.375000 0.402344 0.035714 0.080729
0 0.426020 0.245443 0.023810 0.058594
0 0.451531 0.300130 0.040816 0.092448
0 0.437075 0.193359 0.028912 0.042969
0 0.447279 0.154297 0.028912 0.040365
0 0.414541 0.349609 0.033163 0.045573
0 0.344813 0.194661 0.026361 0.050781
0 0.365221 0.156250 0.021259 0.041667
0 0.494048 0.063151 0.022109 0.032552
0 0.420493 0.119792 0.034864 0.033854
0 0.480867 0.162109 0.026361 0.050781
0 0.367347 0.238281 0.042517 0.049479