4 0.055272 0.567057 0.110544 0.102865
0 0.059949 0.643880 0.089286 0.102865
0 0.181973 0.626953 0.085034 0.162760
0 0.072279 0.690104 0.127551 0.140625
0 0.187075 0.498047 0.078231 0.087240
0 0.607993 0.312500 0.049320 0.044271
0 0.628401 0.264974 0.057823 0.045573
0 0.630527 0.155599 0.028061 0.042969
0 0.619048 0.229167 0.035714 0.031250
0 0.293367 0.510417 0.076531 0.119792
0 0.288265 0.422526 0.059524 0.071615
0 0.396259 0.300781 0.032313 0.044271
0 0.374150 0.403646 0.035714 0.080729
0 0.425170 0.244141 0.023810 0.058594
0 0.450680 0.301432 0.040816 0.092448
0 0.437925 0.195964 0.028912 0.042969
0 0.448129 0.151693 0.028912 0.040365
0 0.414541 0.349609 0.033163 0.045573
0 0.343112 0.192057 0.026361 0.050781
0 0.364371 0.157552 0.021259 0.041667
0 0.494048 0.064453 0.022109 0.032552
0 0.425595 0.110677 0.034864 0.033854
0 0.480017 0.172526 0.028061 0.053385
0 0.375000 0.225260 0.042517 0.049479