4 0.056122 0.568359 0.110544 0.102865
0 0.061650 0.643880 0.089286 0.102865
0 0.181122 0.626953 0.085034 0.162760
0 0.073129 0.692708 0.127551 0.140625
0 0.186224 0.499349 0.078231 0.087240
0 0.607993 0.312500 0.049320 0.044271
0 0.628401 0.264974 0.057823 0.045573
0 0.630527 0.155599 0.028061 0.042969
0 0.618197 0.229167 0.035714 0.031250
0 0.293367 0.509115 0.076531 0.119792
0 0.284864 0.423828 0.059524 0.071615
0 0.392007 0.303385 0.032313 0.044271
0 0.374150 0.403646 0.035714 0.080729
0 0.424320 0.246745 0.023810 0.058594
0 0.448980 0.304036 0.040816 0.092448
0 0.437925 0.193359 0.028912 0.042969
0 0.448129 0.154297 0.028912 0.040365
0 0.413690 0.349609 0.033163 0.045573
0 0.343963 0.193359 0.026361 0.050781
0 0.365221 0.157552 0.021259 0.041667
0 0.494048 0.064453 0.022109 0.032552
0 0.428997 0.105469 0.034864 0.033854
0 0.479167 0.176432 0.028061 0.053385
0 0.372449 0.234375 0.042517 0.049479