4 0.056122 0.568359 0.110544 0.102865
0 0.061650 0.643880 0.089286 0.102865
0 0.181973 0.626953 0.085034 0.162760
0 0.073129 0.688802 0.127551 0.140625
0 0.186224 0.496745 0.078231 0.087240
0 0.607993 0.312500 0.049320 0.044271
0 0.629252 0.263672 0.057823 0.045573
0 0.630527 0.154297 0.028061 0.042969
0 0.618197 0.227865 0.035714 0.031250
0 0.292517 0.510417 0.076531 0.119792
0 0.285714 0.422526 0.059524 0.071615
0 0.392432 0.302734 0.033163 0.045573
0 0.374150 0.402344 0.035714 0.080729
0 0.424320 0.245443 0.023810 0.058594
0 0.449830 0.304036 0.040816 0.092448
0 0.437075 0.195964 0.028912 0.042969
0 0.448129 0.151693 0.028912 0.040365
0 0.415391 0.348307 0.033163 0.045573
0 0.343963 0.193359 0.026361 0.050781
0 0.365221 0.157552 0.021259 0.041667
0 0.493197 0.064453 0.022109 0.032552
0 0.428997 0.104167 0.034864 0.033854
0 0.479167 0.177734 0.028061 0.053385
0 0.386764 0.208399 0.042517 0.049479