4 0.056122 0.567057 0.110544 0.102865
0 0.060799 0.643880 0.089286 0.102865
0 0.181973 0.625651 0.085034 0.162760
0 0.073129 0.688802 0.127551 0.140625
0 0.186224 0.495443 0.078231 0.087240
0 0.607143 0.312500 0.049320 0.044271
0 0.629252 0.262370 0.057823 0.045573
0 0.630527 0.154297 0.028061 0.042969
0 0.617347 0.226562 0.035714 0.031250
0 0.292517 0.510417 0.076531 0.119792
0 0.284864 0.429783 0.065211 0.077420
0 0.392432 0.301432 0.033163 0.045573
0 0.374150 0.402344 0.035714 0.080729
0 0.424320 0.244141 0.023810 0.058594
0 0.449830 0.302734 0.040816 0.092448
0 0.436224 0.195964 0.028912 0.042969
0 0.447279 0.150391 0.028912 0.040365
0 0.414541 0.348307 0.033163 0.045573
0 0.343963 0.193359 0.026361 0.050781
0 0.364371 0.156250 0.021259 0.041667
0 0.492347 0.064453 0.022109 0.032552
0 0.428997 0.102865 0.034864 0.033854
0 0.479167 0.177734 0.028061 0.053385
0 0.386054 0.208333 0.042517 0.049479