4 0.055272 0.568359 0.110544 0.102865
0 0.060799 0.643880 0.089286 0.102865
0 0.182823 0.625651 0.085034 0.162760
0 0.072279 0.688802 0.127551 0.140625
0 0.184524 0.496745 0.078231 0.087240
0 0.607993 0.311198 0.049320 0.044271
0 0.628401 0.262370 0.057823 0.045573
0 0.629677 0.154297 0.028061 0.042969
0 0.617347 0.227865 0.035714 0.031250
0 0.292517 0.507812 0.076531 0.119792
0 0.284014 0.429036 0.064626 0.076823
0 0.391582 0.302734 0.033163 0.045573
0 0.373299 0.402344 0.035714 0.080729
0 0.423469 0.245443 0.023810 0.058594
0 0.448980 0.302734 0.040816 0.092448
0 0.436224 0.197266 0.028912 0.042969
0 0.448129 0.151693 0.028912 0.040365
0 0.414541 0.348307 0.033163 0.045573
0 0.343963 0.194661 0.026361 0.050781
0 0.365221 0.156250 0.021259 0.041667
0 0.492347 0.063151 0.022109 0.032552
0 0.428146 0.104167 0.034864 0.033854
0 0.479167 0.176432 0.028061 0.053385
0 0.386054 0.208333 0.042517 0.049479