4 0.055272 0.567057 0.110544 0.102865
0 0.060799 0.642578 0.089286 0.102865
0 0.181973 0.626953 0.085034 0.162760
0 0.073129 0.686198 0.127551 0.140625
0 0.171769 0.501953 0.078231 0.087240
0 0.607143 0.311849 0.051020 0.045573
0 0.629252 0.262370 0.057823 0.045573
0 0.630527 0.154297 0.028061 0.042969
0 0.618197 0.227865 0.035714 0.031250
0 0.290816 0.510417 0.076531 0.119792
0 0.269558 0.435547 0.064626 0.076823
0 0.379252 0.324870 0.039116 0.061198
0 0.379252 0.410807 0.051020 0.089844
0 0.422619 0.246094 0.022109 0.054688
0 0.448129 0.307943 0.040816 0.092448
0 0.437500 0.195312 0.029762 0.044271
0 0.447279 0.151693 0.028912 0.040365
0 0.412415 0.352214 0.030612 0.053385
0 0.344813 0.193359 0.026361 0.050781
0 0.365221 0.156250 0.021259 0.041667
0 0.491071 0.069010 0.022959 0.033854
0 0.438350 0.082682 0.031463 0.029948
0 0.475765 0.193359 0.028061 0.053385
0 0.403912 0.174479 0.042517 0.049479