4 0.055272 0.568359 0.110544 0.102865
0 0.060799 0.643880 0.089286 0.102865
0 0.181122 0.628255 0.085034 0.162760
0 0.073129 0.688802 0.127551 0.140625
0 0.172619 0.501953 0.078231 0.087240
0 0.607993 0.312500 0.049320 0.044271
0 0.627551 0.262370 0.057823 0.045573
0 0.630527 0.152995 0.028061 0.042969
0 0.618197 0.225260 0.035714 0.031250
0 0.291667 0.510417 0.076531 0.119792
0 0.269558 0.438151 0.064626 0.076823
0 0.379252 0.324870 0.039116 0.061198
0 0.379252 0.410807 0.051020 0.089844
0 0.422619 0.248047 0.023810 0.058594
0 0.448129 0.307943 0.040816 0.092448
0 0.437500 0.196615 0.029762 0.044271
0 0.448129 0.151693 0.028912 0.040365
0 0.413265 0.352214 0.030612 0.053385
0 0.344813 0.194661 0.026361 0.050781
0 0.365221 0.156250 0.021259 0.041667
0 0.490221 0.070312 0.022959 0.033854
0 0.439201 0.082682 0.031463 0.029948
0 0.474915 0.194661 0.028061 0.053385
0 0.403912 0.174479 0.042517 0.049479