4 0.054422 0.568359 0.110544 0.102865
0 0.060799 0.642578 0.089286 0.102865
0 0.181973 0.628255 0.085034 0.162760
0 0.073129 0.687500 0.127551 0.140625
0 0.171769 0.500651 0.078231 0.087240
0 0.607993 0.312500 0.049320 0.044271
0 0.628401 0.262370 0.057823 0.045573
0 0.630527 0.152995 0.028061 0.042969
0 0.617347 0.227214 0.037415 0.032552
0 0.289966 0.510417 0.076531 0.119792
0 0.269558 0.436849 0.064626 0.076823
0 0.378401 0.324870 0.039116 0.061198
0 0.379252 0.410807 0.051020 0.089844
0 0.422619 0.246745 0.023810 0.058594
0 0.447279 0.306641 0.040816 0.092448
0 0.437500 0.196615 0.029762 0.044271
0 0.448129 0.152995 0.028912 0.040365
0 0.411565 0.352214 0.030612 0.053385
0 0.343963 0.193359 0.026361 0.050781
0 0.365221 0.156250 0.021259 0.041667
0 0.491071 0.069010 0.022959 0.033854
0 0.439201 0.081380 0.031463 0.029948
0 0.475765 0.194661 0.028061 0.053385
0 0.404762 0.175781 0.042517 0.049479