4 0.055272 0.569661 0.110544 0.102865
0 0.059949 0.643880 0.089286 0.102865
0 0.181973 0.628255 0.085034 0.162760
0 0.073980 0.687500 0.127551 0.140625
0 0.171769 0.500651 0.078231 0.087240
0 0.607568 0.309896 0.046769 0.041667
0 0.628401 0.262370 0.057823 0.045573
0 0.630527 0.152995 0.028061 0.042969
0 0.617347 0.225260 0.035714 0.031250
0 0.289116 0.510417 0.076531 0.119792
0 0.270408 0.436849 0.064626 0.076823
0 0.379252 0.323568 0.039116 0.061198
0 0.379252 0.410807 0.051020 0.089844
0 0.422619 0.246745 0.023810 0.058594
0 0.447279 0.307943 0.040816 0.092448
0 0.437500 0.195312 0.029762 0.044271
0 0.446429 0.150391 0.028912 0.040365
0 0.412415 0.350911 0.030612 0.053385
0 0.343963 0.193359 0.026361 0.050781
0 0.364371 0.156250 0.021259 0.041667
0 0.491071 0.067708 0.022959 0.033854
0 0.438350 0.082682 0.031463 0.029948
0 0.474915 0.194661 0.028061 0.053385
0 0.403912 0.173177 0.042517 0.049479