4 0.055272 0.567057 0.110544 0.102865
0 0.060799 0.642578 0.089286 0.102865
0 0.182823 0.628255 0.085034 0.162760
0 0.072279 0.690104 0.127551 0.140625
0 0.167517 0.503255 0.078231 0.087240
0 0.607993 0.311198 0.049320 0.044271
0 0.628401 0.262370 0.057823 0.045573
0 0.630527 0.151693 0.028061 0.042969
0 0.618197 0.225260 0.035714 0.031250
0 0.289116 0.511719 0.076531 0.119792
0 0.267857 0.438151 0.064626 0.076823
0 0.375850 0.328776 0.039116 0.061198
0 0.378827 0.409505 0.053571 0.095052
0 0.422619 0.249349 0.023810 0.058594
0 0.447279 0.306641 0.040816 0.092448
0 0.438350 0.195312 0.029762 0.044271
0 0.447279 0.151693 0.028912 0.040365
0 0.412415 0.350911 0.030612 0.053385
0 0.343963 0.194661 0.026361 0.050781
0 0.364371 0.156250 0.021259 0.041667
0 0.490221 0.071615 0.022959 0.033854
0 0.441752 0.076172 0.031463 0.029948
0 0.474915 0.199870 0.028061 0.053385
0 0.407313 0.167969 0.042517 0.049479