4 0.055272 0.568359 0.110544 0.102865
0 0.059949 0.643880 0.089286 0.102865
0 0.182823 0.626953 0.085034 0.162760
0 0.073129 0.687500 0.127551 0.140625
0 0.168367 0.501953 0.078231 0.087240
0 0.607143 0.310547 0.051020 0.045573
0 0.627551 0.262370 0.057823 0.045573
0 0.630527 0.152995 0.028061 0.042969
0 0.618197 0.226562 0.035714 0.031250
0 0.289116 0.511719 0.076531 0.119792
0 0.267007 0.436849 0.064626 0.076823
0 0.375850 0.328776 0.039116 0.061198
0 0.377976 0.410807 0.053571 0.095052
0 0.422619 0.249349 0.023810 0.058594
0 0.447279 0.307943 0.040816 0.092448
0 0.437500 0.195312 0.029762 0.044271
0 0.448129 0.152995 0.028912 0.040365
0 0.412415 0.352214 0.030612 0.053385
0 0.343963 0.192057 0.026361 0.050781
0 0.364371 0.154948 0.021259 0.041667
0 0.491071 0.071615 0.022959 0.033854
0 0.442602 0.077474 0.031463 0.029948
0 0.474065 0.199870 0.028061 0.053385
0 0.407313 0.166667 0.042517 0.049479