4 0.055272 0.568359 0.110544 0.102865
0 0.059949 0.643880 0.089286 0.102865
0 0.181973 0.626953 0.085034 0.162760
0 0.072279 0.687500 0.127551 0.140625
0 0.163265 0.501953 0.078231 0.087240
0 0.607143 0.310547 0.051020 0.045573
0 0.627551 0.262370 0.057823 0.045573
0 0.630527 0.154297 0.028061 0.042969
0 0.618197 0.226562 0.035714 0.031250
0 0.289116 0.513021 0.076531 0.119792
0 0.265306 0.438151 0.064626 0.076823
0 0.373299 0.332682 0.039116 0.061198
0 0.377126 0.410807 0.053571 0.095052
0 0.421769 0.249349 0.023810 0.058594
0 0.447279 0.309245 0.040816 0.092448
0 0.437500 0.196615 0.029762 0.044271
0 0.447279 0.152995 0.028912 0.040365
0 0.412415 0.352214 0.030612 0.053385
0 0.343963 0.194661 0.026361 0.050781
0 0.364371 0.154948 0.021259 0.041667
0 0.490221 0.072917 0.022959 0.033854
0 0.446854 0.072266 0.031463 0.029948
0 0.474065 0.205078 0.028061 0.053385
0 0.411565 0.160156 0.042517 0.049479