4 0.055272 0.569661 0.110544 0.102865
0 0.059949 0.643880 0.089286 0.102865
0 0.182823 0.626953 0.085034 0.162760
0 0.072279 0.687500 0.127551 0.140625
0 0.164966 0.501953 0.078231 0.087240
0 0.607993 0.311198 0.049320 0.044271
0 0.627551 0.263672 0.057823 0.045573
0 0.630527 0.151693 0.028061 0.042969
0 0.618197 0.225260 0.035714 0.031250
0 0.289116 0.513021 0.076531 0.119792
0 0.265306 0.439453 0.064626 0.076823
0 0.372449 0.333984 0.039116 0.061198
0 0.377976 0.410807 0.053571 0.095052
0 0.421769 0.248047 0.023810 0.058594
0 0.446429 0.310547 0.040816 0.092448
0 0.437500 0.197917 0.029762 0.044271
0 0.447279 0.151693 0.027211 0.037760
0 0.412415 0.350911 0.030612 0.053385
0 0.344813 0.194661 0.026361 0.050781
0 0.364371 0.154948 0.021259 0.041667
0 0.490221 0.074219 0.022959 0.033854
0 0.446003 0.072266 0.031463 0.029948
0 0.474915 0.205078 0.028061 0.053385
0 0.411565 0.158854 0.042517 0.049479