4 0.055272 0.568359 0.110544 0.102865
0 0.059949 0.645182 0.089286 0.102865
0 0.182823 0.628255 0.085034 0.162760
0 0.072279 0.688802 0.127551 0.140625
0 0.164116 0.503255 0.078231 0.087240
0 0.607143 0.312500 0.049320 0.044271
0 0.628401 0.264974 0.057823 0.045573
0 0.630527 0.152995 0.028061 0.042969
0 0.618197 0.227214 0.037415 0.032552
0 0.289116 0.513021 0.076531 0.119792
0 0.266156 0.440755 0.064626 0.076823
0 0.372449 0.332682 0.039116 0.061198
0 0.377976 0.410807 0.053571 0.095052
0 0.420918 0.248698 0.022109 0.054688
0 0.447279 0.310547 0.040816 0.092448
0 0.437500 0.196615 0.029762 0.044271
0 0.447279 0.151693 0.027211 0.037760
0 0.412415 0.353516 0.030612 0.053385
0 0.343112 0.193359 0.026361 0.050781
0 0.364371 0.154948 0.021259 0.041667
0 0.490221 0.074219 0.022959 0.033854
0 0.446003 0.072266 0.031463 0.029948
0 0.474915 0.203776 0.028061 0.053385
0 0.411565 0.158854 0.042517 0.049479