4 0.055272 0.568359 0.110544 0.102865
0 0.059949 0.643880 0.089286 0.102865
0 0.181122 0.626953 0.085034 0.162760
0 0.072279 0.688802 0.127551 0.140625
0 0.161565 0.504557 0.078231 0.087240
0 0.607993 0.311198 0.049320 0.044271
0 0.627551 0.263672 0.057823 0.045573
0 0.630527 0.152995 0.028061 0.042969
0 0.618197 0.225260 0.035714 0.031250
0 0.289116 0.514323 0.076531 0.119792
0 0.262755 0.440755 0.064626 0.076823
0 0.369898 0.335286 0.039116 0.061198
0 0.377126 0.412109 0.053571 0.095052
0 0.420918 0.250000 0.022109 0.054688
0 0.447279 0.310547 0.040816 0.092448
0 0.437500 0.195312 0.029762 0.044271
0 0.448129 0.151693 0.027211 0.037760
0 0.412415 0.352214 0.030612 0.053385
0 0.343112 0.193359 0.026361 0.050781
0 0.364371 0.154948 0.021259 0.041667
0 0.489371 0.078125 0.022959 0.033854
0 0.445153 0.069661 0.031463 0.029948
0 0.473214 0.208984 0.028061 0.053385
0 0.414966 0.152344 0.042517 0.049479