4 0.055272 0.568359 0.110544 0.102865
0 0.059099 0.645182 0.089286 0.102865
0 0.181122 0.626953 0.085034 0.162760
0 0.070153 0.689453 0.133503 0.147135
0 0.160714 0.504557 0.078231 0.087240
0 0.607993 0.311198 0.049320 0.044271
0 0.627551 0.264974 0.057823 0.045573
0 0.629677 0.151693 0.028061 0.042969
0 0.618197 0.225911 0.037415 0.032552
0 0.289116 0.513021 0.076531 0.119792
0 0.260204 0.443359 0.064626 0.076823
0 0.366497 0.340495 0.039116 0.061198
0 0.377976 0.413411 0.053571 0.095052
0 0.420918 0.251302 0.022109 0.054688
0 0.446429 0.309245 0.040816 0.092448
0 0.436650 0.196615 0.029762 0.044271
0 0.448129 0.150391 0.027211 0.037760
0 0.413265 0.353516 0.030612 0.053385
0 0.343112 0.194661 0.026361 0.050781
0 0.364371 0.154948 0.021259 0.041667
0 0.489371 0.080729 0.022959 0.033854
0 0.451956 0.061849 0.031463 0.029948
0 0.471939 0.214193 0.028912 0.055990
0 0.417517 0.145833 0.042517 0.049479