4 0.055272 0.569661 0.110544 0.102865
0 0.059099 0.643880 0.089286 0.102865
0 0.181973 0.628255 0.085034 0.162760
0 0.070153 0.689453 0.133503 0.147135
0 0.159864 0.505859 0.078231 0.087240
0 0.607993 0.311198 0.049320 0.044271
0 0.628401 0.263672 0.057823 0.045573
0 0.629677 0.152995 0.028061 0.042969
0 0.617347 0.225260 0.035714 0.031250
0 0.288265 0.514323 0.076531 0.119792
0 0.260204 0.442057 0.064626 0.076823
0 0.366497 0.339193 0.039116 0.061198
0 0.377976 0.413411 0.053571 0.095052
0 0.420918 0.251953 0.023810 0.058594
0 0.447279 0.310547 0.040816 0.092448
0 0.436650 0.196615 0.029762 0.044271
0 0.447279 0.151693 0.027211 0.037760
0 0.412415 0.352214 0.030612 0.053385
0 0.343112 0.194661 0.026361 0.050781
0 0.364371 0.156250 0.021259 0.041667
0 0.489371 0.078125 0.022959 0.033854
0 0.452806 0.061849 0.031463 0.029948
0 0.471939 0.212891 0.028912 0.055990
0 0.416667 0.147135 0.042517 0.049479