4 0.055272 0.568359 0.110544 0.102865
0 0.058248 0.643880 0.089286 0.102865
0 0.180272 0.628255 0.085034 0.162760
0 0.071003 0.688151 0.133503 0.147135
0 0.159864 0.505859 0.078231 0.087240
0 0.607993 0.312500 0.049320 0.044271
0 0.628401 0.263672 0.057823 0.045573
0 0.629677 0.152995 0.028061 0.042969
0 0.618197 0.226562 0.035714 0.031250
0 0.289116 0.514323 0.076531 0.119792
0 0.259354 0.442057 0.064626 0.076823
0 0.367347 0.341797 0.039116 0.061198
0 0.377126 0.412109 0.053571 0.095052
0 0.420918 0.250651 0.023810 0.058594
0 0.446429 0.307943 0.040816 0.092448
0 0.436650 0.196615 0.029762 0.044271
0 0.448129 0.151693 0.027211 0.037760
0 0.412415 0.352214 0.030612 0.053385
0 0.343112 0.194661 0.026361 0.050781
0 0.364371 0.156250 0.021259 0.041667
0 0.488520 0.079427 0.022959 0.033854
0 0.452806 0.061849 0.031463 0.029948
0 0.471939 0.214193 0.028912 0.055990
0 0.417517 0.147135 0.042517 0.049479