4 0.054422 0.568359 0.110544 0.102865
0 0.058248 0.645182 0.089286 0.102865
0 0.181973 0.626953 0.085034 0.162760
0 0.069303 0.689453 0.133503 0.147135
0 0.158163 0.507161 0.078231 0.087240
0 0.607993 0.311198 0.049320 0.044271
0 0.627551 0.264974 0.057823 0.045573
0 0.630527 0.154297 0.028061 0.042969
0 0.617347 0.225260 0.035714 0.031250
0 0.288265 0.514323 0.076531 0.119792
0 0.256803 0.444661 0.064626 0.076823
0 0.363095 0.343099 0.039116 0.061198
0 0.377126 0.412109 0.053571 0.095052
0 0.420068 0.253255 0.023810 0.058594
0 0.446429 0.310547 0.040816 0.092448
0 0.435799 0.195312 0.029762 0.044271
0 0.448129 0.151693 0.027211 0.037760
0 0.412415 0.352214 0.030612 0.053385
0 0.343112 0.194661 0.026361 0.050781
0 0.364371 0.156250 0.021259 0.041667
0 0.488520 0.084635 0.022959 0.033854
0 0.454507 0.057292 0.033163 0.031250
0 0.471088 0.218099 0.028912 0.055990
0 0.420068 0.139323 0.042517 0.049479