4 0.055272 0.569661 0.110544 0.102865
0 0.057398 0.643880 0.089286 0.102865
0 0.181973 0.628255 0.085034 0.162760
0 0.069303 0.688151 0.133503 0.147135
0 0.157313 0.508464 0.078231 0.087240
0 0.607993 0.311198 0.049320 0.044271
0 0.628401 0.264974 0.057823 0.045573
0 0.630527 0.151693 0.028061 0.042969
0 0.617347 0.225260 0.035714 0.031250
0 0.289116 0.514323 0.076531 0.119792
0 0.255952 0.445964 0.064626 0.076823
0 0.363095 0.344401 0.039116 0.061198
0 0.377126 0.412109 0.053571 0.095052
0 0.420068 0.253255 0.023810 0.058594
0 0.446429 0.310547 0.040816 0.092448
0 0.437500 0.196615 0.029762 0.044271
0 0.448129 0.150391 0.027211 0.037760
0 0.412415 0.352214 0.030612 0.053385
0 0.343963 0.194661 0.026361 0.050781
0 0.364371 0.156250 0.021259 0.041667
0 0.489371 0.083333 0.022959 0.033854
0 0.454507 0.057292 0.033163 0.031250
0 0.471088 0.219401 0.028912 0.055990
0 0.420068 0.139323 0.042517 0.049479