4 0.055272 0.569661 0.110544 0.102865
0 0.057398 0.645182 0.089286 0.102865
0 0.182823 0.625651 0.085034 0.162760
0 0.069303 0.688151 0.133503 0.147135
0 0.157313 0.507161 0.078231 0.087240
0 0.607993 0.311198 0.049320 0.044271
0 0.629252 0.263672 0.057823 0.045573
0 0.629677 0.152995 0.028061 0.042969
0 0.617347 0.225911 0.037415 0.032552
0 0.288265 0.514323 0.076531 0.119792
0 0.252551 0.448568 0.064626 0.076823
0 0.358844 0.348307 0.039116 0.061198
0 0.377126 0.413411 0.053571 0.095052
0 0.419218 0.255859 0.023810 0.058594
0 0.446429 0.309245 0.040816 0.092448
0 0.437500 0.197917 0.029762 0.044271
0 0.448129 0.150391 0.027211 0.037760
0 0.413265 0.350911 0.030612 0.053385
0 0.343963 0.194661 0.026361 0.050781
0 0.365221 0.157552 0.021259 0.041667
0 0.488946 0.087891 0.022109 0.032552
0 0.458759 0.052734 0.031463 0.029948
0 0.471088 0.224609 0.028912 0.055990
0 0.424320 0.132812 0.042517 0.049479