4 0.055272 0.568359 0.110544 0.102865
0 0.055697 0.645182 0.089286 0.102865
0 0.181973 0.628255 0.085034 0.162760
0 0.065901 0.689453 0.133503 0.147135
0 0.157313 0.508464 0.078231 0.087240
0 0.607143 0.312500 0.049320 0.044271
0 0.629252 0.263672 0.057823 0.045573
0 0.629677 0.154297 0.028061 0.042969
0 0.617347 0.225911 0.037415 0.032552
0 0.289116 0.514323 0.076531 0.119792
0 0.250850 0.448568 0.064626 0.076823
0 0.356293 0.352214 0.039116 0.061198
0 0.376276 0.413411 0.053571 0.095052
0 0.419218 0.257161 0.023810 0.058594
0 0.446429 0.309245 0.040816 0.092448
0 0.437500 0.196615 0.029762 0.044271
0 0.448129 0.150391 0.027211 0.037760
0 0.413265 0.353516 0.030612 0.053385
0 0.344813 0.195964 0.026361 0.050781
0 0.365221 0.157552 0.021259 0.041667
0 0.488095 0.090495 0.022109 0.032552
0 0.460459 0.048828 0.031463 0.029948
0 0.472789 0.229818 0.028912 0.055990
0 0.425170 0.127604 0.042517 0.049479