4 0.055272 0.569661 0.110544 0.102865
0 0.055697 0.645182 0.089286 0.102865
0 0.181122 0.628255 0.085034 0.162760
0 0.066752 0.689453 0.133503 0.147135
0 0.159014 0.505859 0.078231 0.087240
0 0.607143 0.312500 0.049320 0.044271
0 0.628401 0.263672 0.057823 0.045573
0 0.629677 0.154297 0.028061 0.042969
0 0.617347 0.227214 0.037415 0.032552
0 0.289116 0.514323 0.076531 0.119792
0 0.250850 0.448568 0.064626 0.076823
0 0.356293 0.350911 0.039116 0.061198
0 0.375425 0.413411 0.053571 0.095052
0 0.419218 0.257161 0.023810 0.058594
0 0.445578 0.310547 0.040816 0.092448
0 0.437500 0.195312 0.029762 0.044271
0 0.447279 0.151693 0.027211 0.037760
0 0.413265 0.352214 0.030612 0.053385
0 0.344813 0.193359 0.026361 0.050781
0 0.365221 0.157552 0.021259 0.041667
0 0.488946 0.090495 0.022109 0.032552
0 0.461310 0.050130 0.031463 0.029948
0 0.471088 0.228516 0.028912 0.055990
0 0.426020 0.128906 0.042517 0.049479