4 0.055272 0.568359 0.110544 0.102865
0 0.053997 0.646484 0.089286 0.102865
0 0.181122 0.625651 0.085034 0.162760
0 0.064201 0.689453 0.133503 0.147135
0 0.158163 0.507161 0.078231 0.087240
0 0.607143 0.311198 0.049320 0.044271
0 0.628401 0.263672 0.057823 0.045573
0 0.630527 0.154297 0.028061 0.042969
0 0.617347 0.227214 0.037415 0.032552
0 0.289116 0.514323 0.076531 0.119792
0 0.250850 0.449870 0.064626 0.076823
0 0.348639 0.360026 0.039116 0.061198
0 0.376276 0.414714 0.053571 0.095052
0 0.415816 0.263672 0.023810 0.058594
0 0.446429 0.310547 0.040816 0.092448
0 0.437075 0.197266 0.028912 0.042969
0 0.447279 0.150391 0.027211 0.037760
0 0.411565 0.353516 0.030612 0.053385
0 0.343112 0.193359 0.026361 0.050781
0 0.364371 0.156250 0.021259 0.041667
0 0.486820 0.098958 0.022959 0.033854
0 0.468112 0.041667 0.033163 0.031250
0 0.471088 0.237630 0.030612 0.058594
0 0.428997 0.117188 0.038265 0.044271