4 0.055272 0.569661 0.110544 0.102865
0 0.054847 0.645182 0.089286 0.102865
0 0.181973 0.628255 0.085034 0.162760
0 0.064201 0.689453 0.133503 0.147135
0 0.157313 0.505859 0.078231 0.087240
0 0.607143 0.311198 0.049320 0.044271
0 0.629252 0.263672 0.057823 0.045573
0 0.630527 0.154297 0.028061 0.042969
0 0.617347 0.227214 0.037415 0.032552
0 0.289116 0.515625 0.076531 0.119792
0 0.250850 0.449870 0.064626 0.076823
0 0.349490 0.361328 0.039116 0.061198
0 0.376276 0.414714 0.053571 0.095052
0 0.415816 0.263021 0.022109 0.054688
0 0.445578 0.310547 0.040816 0.092448
0 0.436224 0.197266 0.028912 0.042969
0 0.448129 0.150391 0.027211 0.037760
0 0.412415 0.354818 0.030612 0.053385
0 0.343112 0.193359 0.026361 0.050781
0 0.364371 0.156250 0.021259 0.041667
0 0.487670 0.098958 0.022959 0.033854
0 0.467262 0.041667 0.033163 0.031250
0 0.470238 0.236328 0.030612 0.058594
0 0.429847 0.119792 0.038265 0.044271