4 0.054422 0.567057 0.110544 0.102865
0 0.054847 0.645182 0.089286 0.102865
0 0.181973 0.626953 0.085034 0.162760
0 0.065051 0.698568 0.133503 0.170573
0 0.157313 0.505859 0.078231 0.087240
0 0.606293 0.309896 0.049320 0.044271
0 0.629252 0.263672 0.057823 0.045573
0 0.629677 0.154297 0.028061 0.042969
0 0.616497 0.224609 0.037415 0.032552
0 0.289116 0.513021 0.076531 0.119792
0 0.250850 0.449870 0.064626 0.076823
0 0.350340 0.358073 0.047619 0.065104
0 0.374575 0.413411 0.053571 0.095052
0 0.415816 0.263021 0.022109 0.054688
0 0.446429 0.309245 0.040816 0.092448
0 0.437925 0.197266 0.028912 0.042969
0 0.447279 0.151693 0.027211 0.037760
0 0.411565 0.353516 0.030612 0.053385
0 0.343112 0.192057 0.026361 0.050781
0 0.364371 0.156250 0.021259 0.041667
0 0.485969 0.100260 0.022959 0.033854
0 0.468963 0.040365 0.033163 0.031250
0 0.470238 0.236328 0.030612 0.058594
0 0.428997 0.118490 0.038265 0.044271