4 0.054422 0.565755 0.110544 0.102865
0 0.053997 0.646484 0.089286 0.102865
0 0.181973 0.624349 0.085034 0.162760
0 0.064201 0.699870 0.133503 0.170573
0 0.157313 0.505859 0.078231 0.087240
0 0.607143 0.309896 0.049320 0.044271
0 0.628401 0.263672 0.057823 0.045573
0 0.629677 0.154297 0.028061 0.042969
0 0.617347 0.224609 0.037415 0.032552
0 0.289116 0.514323 0.076531 0.119792
0 0.250850 0.448568 0.064626 0.076823
0 0.347789 0.361979 0.047619 0.065104
0 0.374575 0.413411 0.053571 0.095052
0 0.414541 0.263021 0.022959 0.057292
0 0.445578 0.309245 0.040816 0.092448
0 0.437075 0.198568 0.028912 0.042969
0 0.448129 0.150391 0.027211 0.037760
0 0.410714 0.354818 0.030612 0.053385
0 0.343112 0.193359 0.026361 0.050781
0 0.364371 0.154948 0.021259 0.041667
0 0.485969 0.104167 0.022959 0.033854
0 0.471514 0.037760 0.033163 0.031250
0 0.469388 0.238932 0.030612 0.058594
0 0.430272 0.114583 0.035714 0.041667