4 0.054422 0.565755 0.110544 0.102865
0 0.053146 0.646484 0.089286 0.102865
0 0.183673 0.625651 0.085034 0.162760
0 0.065051 0.701172 0.133503 0.170573
0 0.157313 0.505859 0.078231 0.087240
0 0.607143 0.309896 0.049320 0.044271
0 0.627551 0.264974 0.057823 0.045573
0 0.629677 0.154297 0.028061 0.042969
0 0.617347 0.224609 0.037415 0.032552
0 0.289116 0.514323 0.076531 0.119792
0 0.250850 0.451172 0.064626 0.076823
0 0.346088 0.360677 0.047619 0.065104
0 0.374575 0.413411 0.053571 0.095052
0 0.414541 0.264323 0.022959 0.057292
0 0.445578 0.309245 0.040816 0.092448
0 0.436224 0.199870 0.028912 0.042969
0 0.448129 0.150391 0.027211 0.037760
0 0.409864 0.353516 0.030612 0.053385
0 0.343112 0.193359 0.026361 0.050781
0 0.363520 0.156250 0.021259 0.041667
0 0.485119 0.102865 0.022959 0.033854
0 0.471939 0.037109 0.034014 0.032552
0 0.470238 0.238932 0.030612 0.058594
0 0.430272 0.115885 0.035714 0.041667