4 0.054422 0.565755 0.110544 0.102865
0 0.053997 0.646484 0.089286 0.102865
0 0.181973 0.626953 0.085034 0.162760
0 0.065051 0.701172 0.133503 0.170573
0 0.157313 0.507161 0.078231 0.087240
0 0.607143 0.309896 0.049320 0.044271
0 0.628401 0.264974 0.057823 0.045573
0 0.629677 0.154297 0.028061 0.042969
0 0.617347 0.224609 0.037415 0.032552
0 0.289966 0.514323 0.076531 0.119792
0 0.250850 0.449870 0.064626 0.076823
0 0.346088 0.361979 0.047619 0.065104
0 0.374575 0.412109 0.053571 0.095052
0 0.414541 0.265625 0.022959 0.057292
0 0.445578 0.309245 0.040816 0.092448
0 0.436224 0.199870 0.028912 0.042969
0 0.446429 0.150391 0.027211 0.037760
0 0.409864 0.354818 0.030612 0.053385
0 0.343112 0.193359 0.026361 0.050781
0 0.363520 0.156250 0.021259 0.041667
0 0.486820 0.101562 0.022959 0.033854
0 0.471088 0.037109 0.034014 0.032552
0 0.471088 0.240234 0.030612 0.058594
0 0.430697 0.114583 0.038265 0.044271