4 0.054422 0.565755 0.110544 0.102865
0 0.053146 0.646484 0.089286 0.102865
0 0.183673 0.625651 0.085034 0.162760
0 0.064201 0.701172 0.133503 0.170573
0 0.157313 0.507161 0.078231 0.087240
0 0.607143 0.309896 0.049320 0.044271
0 0.627976 0.263021 0.060374 0.046875
0 0.630527 0.152995 0.028061 0.042969
0 0.617347 0.224609 0.037415 0.032552
0 0.289966 0.514323 0.076531 0.119792
0 0.250850 0.449870 0.064626 0.076823
0 0.346939 0.361979 0.047619 0.065104
0 0.373724 0.413411 0.053571 0.095052
0 0.414541 0.265625 0.022959 0.057292
0 0.445578 0.310547 0.040816 0.092448
0 0.437925 0.199870 0.028912 0.042969
0 0.447279 0.151693 0.027211 0.037760
0 0.410714 0.353516 0.030612 0.053385
0 0.343112 0.193359 0.026361 0.050781
0 0.364371 0.156250 0.021259 0.041667
0 0.485969 0.102865 0.022959 0.033854
0 0.471514 0.037760 0.033163 0.031250
0 0.470238 0.240234 0.030612 0.058594
0 0.430697 0.113281 0.038265 0.044271