4 0.054422 0.567057 0.110544 0.102865
0 0.051446 0.645182 0.089286 0.102865
0 0.183673 0.626953 0.085034 0.162760
0 0.062500 0.702474 0.133503 0.170573
0 0.157313 0.504557 0.078231 0.087240
0 0.607993 0.309896 0.049320 0.044271
0 0.627976 0.263021 0.060374 0.046875
0 0.630527 0.152995 0.028061 0.042969
0 0.617347 0.224609 0.037415 0.032552
0 0.288265 0.514323 0.076531 0.119792
0 0.250000 0.449870 0.064626 0.076823
0 0.343537 0.364583 0.047619 0.065104
0 0.374575 0.412109 0.053571 0.095052
0 0.413690 0.268229 0.022959 0.057292
0 0.445578 0.309245 0.040816 0.092448
0 0.437075 0.198568 0.028912 0.042969
0 0.448554 0.151042 0.028061 0.039062
0 0.409014 0.356120 0.030612 0.053385
0 0.343112 0.193359 0.026361 0.050781
0 0.362670 0.156250 0.021259 0.041667
0 0.485119 0.105469 0.021259 0.031250
0 0.474915 0.032552 0.033163 0.031250
0 0.468537 0.245443 0.030612 0.058594
0 0.431548 0.110677 0.038265 0.044271