4 0.054422 0.565755 0.110544 0.102865
0 0.052296 0.646484 0.089286 0.102865
0 0.183673 0.626953 0.085034 0.162760
0 0.063350 0.703776 0.133503 0.170573
0 0.156463 0.505859 0.078231 0.087240
0 0.607993 0.309896 0.049320 0.044271
0 0.627126 0.263021 0.060374 0.046875
0 0.629677 0.152995 0.028061 0.042969
0 0.617347 0.224609 0.037415 0.032552
0 0.289116 0.514323 0.076531 0.119792
0 0.250000 0.449870 0.064626 0.076823
0 0.343537 0.364583 0.047619 0.065104
0 0.373724 0.412109 0.053571 0.095052
0 0.413690 0.266927 0.022959 0.057292
0 0.445578 0.309245 0.040816 0.092448
0 0.436224 0.201172 0.028912 0.042969
0 0.448554 0.149740 0.028061 0.039062
0 0.409864 0.354818 0.030612 0.053385
0 0.343112 0.193359 0.026361 0.050781
0 0.363520 0.156250 0.021259 0.041667
0 0.485119 0.106771 0.021259 0.031250
0 0.474065 0.031250 0.031463 0.028646
0 0.469388 0.245443 0.030612 0.058594
0 0.432398 0.110677 0.038265 0.044271