4 0.053571 0.565755 0.110544 0.102865
0 0.051446 0.646484 0.089286 0.102865
0 0.182823 0.625651 0.085034 0.162760
0 0.064201 0.702474 0.133503 0.170573
0 0.155612 0.507161 0.078231 0.087240
0 0.607993 0.311198 0.049320 0.044271
0 0.627126 0.263021 0.060374 0.046875
0 0.629677 0.152995 0.028061 0.042969
0 0.616922 0.223307 0.034864 0.029948
0 0.289966 0.515625 0.076531 0.119792
0 0.250000 0.448568 0.064626 0.076823
0 0.339286 0.367188 0.049320 0.067708
0 0.374575 0.413411 0.053571 0.095052
0 0.411990 0.270833 0.022959 0.057292
0 0.445578 0.309245 0.040816 0.092448
0 0.437075 0.201172 0.028912 0.042969
0 0.446854 0.149740 0.028061 0.039062
0 0.409014 0.357422 0.030612 0.053385
0 0.343112 0.193359 0.026361 0.050781
0 0.364371 0.156250 0.021259 0.041667
0 0.484269 0.110677 0.021259 0.031250
0 0.477466 0.026042 0.031463 0.028646
0 0.467687 0.248047 0.030612 0.058594
0 0.432398 0.109375 0.038265 0.044271