4 0.053571 0.565755 0.110544 0.102865
0 0.052296 0.646484 0.089286 0.102865
0 0.183673 0.626953 0.085034 0.162760
0 0.063350 0.701172 0.133503 0.170573
0 0.156463 0.507161 0.078231 0.087240
0 0.607993 0.311198 0.049320 0.044271
0 0.627126 0.263021 0.060374 0.046875
0 0.629677 0.152995 0.028061 0.042969
0 0.617347 0.225911 0.037415 0.032552
0 0.288265 0.513021 0.076531 0.119792
0 0.250000 0.451172 0.064626 0.076823
0 0.338435 0.367188 0.049320 0.067708
0 0.374575 0.413411 0.053571 0.095052
0 0.411990 0.272135 0.022959 0.057292
0 0.445578 0.310547 0.040816 0.092448
0 0.436224 0.201172 0.028912 0.042969
0 0.447704 0.148438 0.028061 0.039062
0 0.409864 0.357422 0.030612 0.053385
0 0.343112 0.193359 0.026361 0.050781
0 0.362670 0.156250 0.021259 0.041667
0 0.483418 0.110677 0.021259 0.031250
0 0.479167 0.026042 0.031463 0.028646
0 0.467687 0.248047 0.030612 0.058594
0 0.432398 0.108073 0.038265 0.044271