4 0.053571 0.565755 0.110544 0.102865
0 0.051446 0.645182 0.089286 0.102865
0 0.183673 0.625651 0.085034 0.162760
0 0.062500 0.701172 0.133503 0.170573
0 0.155612 0.504557 0.078231 0.087240
0 0.607993 0.311198 0.049320 0.044271
0 0.627126 0.263021 0.060374 0.046875
0 0.629677 0.152995 0.028061 0.042969
0 0.617347 0.225911 0.037415 0.032552
0 0.288265 0.513021 0.076531 0.119792
0 0.250000 0.449870 0.064626 0.076823
0 0.339286 0.368490 0.049320 0.067708
0 0.374575 0.413411 0.053571 0.095052
0 0.410289 0.272135 0.022959 0.057292
0 0.445578 0.310547 0.040816 0.092448
0 0.437925 0.199870 0.028912 0.042969
0 0.446854 0.148438 0.028061 0.039062
0 0.408163 0.356120 0.030612 0.053385
0 0.343112 0.193359 0.026361 0.050781
0 0.363520 0.156250 0.021259 0.041667
0 0.484269 0.110677 0.021259 0.031250
0 0.478741 0.026693 0.034014 0.032552
0 0.466837 0.248047 0.030612 0.058594
0 0.431973 0.108073 0.035714 0.041667