4 0.053571 0.565755 0.110544 0.102865
0 0.051446 0.645182 0.089286 0.102865
0 0.178571 0.632161 0.085034 0.162760
0 0.063350 0.701172 0.133503 0.170573
0 0.153061 0.507161 0.078231 0.087240
0 0.607993 0.311198 0.049320 0.044271
0 0.627126 0.264323 0.060374 0.046875
0 0.630527 0.151693 0.028061 0.042969
0 0.616922 0.223307 0.034864 0.029948
0 0.289116 0.513021 0.076531 0.119792
0 0.250000 0.449870 0.064626 0.076823
0 0.332483 0.373698 0.049320 0.067708
0 0.374575 0.413411 0.053571 0.095052
0 0.409014 0.278646 0.023810 0.059896
0 0.445578 0.310547 0.040816 0.092448
0 0.436224 0.205078 0.028912 0.042969
0 0.447704 0.151042 0.028061 0.039062
0 0.407313 0.358724 0.030612 0.053385
0 0.343112 0.193359 0.026361 0.050781
0 0.363520 0.154948 0.021259 0.041667
0 0.480867 0.121094 0.021259 0.031250
0 0.484694 0.019531 0.035714 0.033854
0 0.465136 0.253255 0.030612 0.058594
0 0.435374 0.104167 0.035714 0.041667