4 0.054422 0.565755 0.110544 0.102865
0 0.052296 0.646484 0.089286 0.102865
0 0.179422 0.630859 0.085034 0.162760
0 0.062500 0.701172 0.133503 0.170573
0 0.153912 0.505859 0.078231 0.087240
0 0.607993 0.311198 0.049320 0.044271
0 0.627976 0.263021 0.060374 0.046875
0 0.629677 0.151693 0.028061 0.042969
0 0.617347 0.225911 0.037415 0.032552
0 0.289116 0.513021 0.076531 0.119792
0 0.250000 0.451172 0.064626 0.076823
0 0.333333 0.372396 0.049320 0.067708
0 0.374575 0.413411 0.053571 0.095052
0 0.409014 0.279948 0.023810 0.059896
0 0.444728 0.309245 0.040816 0.092448
0 0.435799 0.203125 0.029762 0.044271
0 0.447704 0.149740 0.028061 0.039062
0 0.407738 0.357422 0.031463 0.055990
0 0.342262 0.193359 0.026361 0.050781
0 0.362670 0.157552 0.021259 0.041667
0 0.480867 0.123698 0.021259 0.031250
0 0.484694 0.020833 0.035714 0.033854
0 0.464286 0.254557 0.030612 0.058594
0 0.434524 0.104167 0.035714 0.041667