4 0.053571 0.565755 0.110544 0.102865
0 0.052296 0.645182 0.089286 0.102865
0 0.179422 0.632161 0.085034 0.162760
0 0.063350 0.701172 0.133503 0.170573
0 0.152211 0.508464 0.078231 0.087240
0 0.607993 0.312500 0.049320 0.044271
0 0.627126 0.264323 0.060374 0.046875
0 0.628827 0.152995 0.028061 0.042969
0 0.617347 0.224609 0.037415 0.032552
0 0.288265 0.514323 0.076531 0.119792
0 0.250850 0.449870 0.064626 0.076823
0 0.329932 0.375000 0.049320 0.067708
0 0.374575 0.412109 0.053571 0.095052
0 0.407313 0.281250 0.023810 0.059896
0 0.445578 0.310547 0.040816 0.092448
0 0.435374 0.205078 0.028912 0.042969
0 0.446854 0.151042 0.028061 0.039062
0 0.408163 0.358724 0.030612 0.053385
0 0.342262 0.192057 0.026361 0.050781
0 0.362670 0.156250 0.021259 0.041667
0 0.480017 0.128906 0.022959 0.033854
0 0.488095 0.016276 0.034014 0.032552
0 0.464286 0.257161 0.030612 0.058594
0 0.434099 0.102865 0.038265 0.044271