4 0.054422 0.565755 0.110544 0.102865
0 0.052296 0.646484 0.089286 0.102865
0 0.178997 0.630859 0.089286 0.170573
0 0.063350 0.702474 0.133503 0.170573
0 0.150510 0.508464 0.078231 0.087240
0 0.607993 0.312500 0.049320 0.044271
0 0.628401 0.262370 0.057823 0.045573
0 0.629677 0.152995 0.028061 0.042969
0 0.616497 0.225911 0.037415 0.032552
0 0.284864 0.518229 0.076531 0.119792
0 0.250000 0.449870 0.064626 0.076823
0 0.326531 0.380208 0.049320 0.067708
0 0.373724 0.413411 0.053571 0.095052
0 0.403486 0.289062 0.022959 0.057292
0 0.444728 0.311849 0.040816 0.092448
0 0.434524 0.210286 0.028912 0.042969
0 0.446003 0.152344 0.028061 0.039062
0 0.408163 0.357422 0.030612 0.053385
0 0.342262 0.193359 0.026361 0.050781
0 0.363520 0.156250 0.021259 0.041667
0 0.478316 0.139323 0.024660 0.036458
0 0.494898 0.011068 0.034014 0.032552
0 0.463435 0.261068 0.030612 0.058594
0 0.435374 0.101562 0.035714 0.041667