4 0.054422 0.565755 0.110544 0.102865
0 0.052296 0.646484 0.089286 0.102865
0 0.178146 0.632161 0.089286 0.170573
0 0.063350 0.701172 0.133503 0.170573
0 0.149660 0.508464 0.078231 0.087240
0 0.607993 0.311198 0.049320 0.044271
0 0.628401 0.263672 0.057823 0.045573
0 0.630527 0.152995 0.028061 0.042969
0 0.616497 0.224609 0.037415 0.032552
0 0.285714 0.518229 0.076531 0.119792
0 0.249150 0.449870 0.064626 0.076823
0 0.324830 0.381510 0.049320 0.067708
0 0.373724 0.412109 0.053571 0.095052
0 0.401361 0.292969 0.023810 0.059896
0 0.444728 0.311849 0.040816 0.092448
0 0.434099 0.209635 0.029762 0.044271
0 0.446003 0.153646 0.028061 0.039062
0 0.409014 0.357422 0.030612 0.053385
0 0.342262 0.193359 0.026361 0.050781
0 0.364371 0.156250 0.021259 0.041667
0 0.476616 0.147135 0.024660 0.036458
0 0.499150 0.007161 0.034014 0.032552
0 0.461735 0.263672 0.030612 0.058594
0 0.435374 0.102865 0.035714 0.041667