4 0.053571 0.565755 0.110544 0.102865
0 0.051446 0.646484 0.089286 0.102865
0 0.178146 0.634766 0.089286 0.170573
0 0.063350 0.701172 0.133503 0.170573
0 0.150510 0.509766 0.078231 0.087240
0 0.607993 0.311198 0.049320 0.044271
0 0.628401 0.263672 0.057823 0.045573
0 0.630527 0.152995 0.028061 0.042969
0 0.616497 0.224609 0.037415 0.032552
0 0.284014 0.518229 0.079932 0.125000
0 0.250850 0.449870 0.064626 0.076823
0 0.323980 0.381510 0.049320 0.067708
0 0.373724 0.413411 0.053571 0.095052
0 0.401361 0.291667 0.023810 0.059896
0 0.443878 0.311849 0.040816 0.092448
0 0.434949 0.210938 0.029762 0.044271
0 0.445153 0.153646 0.028061 0.039062
0 0.408163 0.358724 0.030612 0.053385
0 0.342262 0.193359 0.026361 0.050781
0 0.364371 0.156250 0.021259 0.041667
0 0.477466 0.145833 0.024660 0.036458
0 0.498724 0.007812 0.033163 0.031250
0 0.462585 0.263672 0.030612 0.058594
0 0.436224 0.102865 0.035714 0.041667
0 0.487441 0.104068 0.031279 0.040639