4 0.053571 0.567057 0.110544 0.102865
0 0.051446 0.646484 0.089286 0.102865
0 0.178146 0.633464 0.089286 0.170573
0 0.063350 0.701172 0.133503 0.170573
0 0.149660 0.509766 0.078231 0.087240
0 0.607993 0.311198 0.049320 0.044271
0 0.627551 0.263672 0.057823 0.045573
0 0.630527 0.152995 0.028061 0.042969
0 0.616497 0.224609 0.037415 0.032552
0 0.284864 0.518229 0.079932 0.125000
0 0.250000 0.449870 0.064626 0.076823
0 0.324830 0.382812 0.049320 0.067708
0 0.373724 0.412109 0.053571 0.095052
0 0.402211 0.292969 0.023810 0.059896
0 0.444728 0.313151 0.040816 0.092448
0 0.433248 0.210938 0.029762 0.044271
0 0.445153 0.152344 0.028061 0.039062
0 0.407313 0.357422 0.030612 0.053385
0 0.342262 0.193359 0.026361 0.050781
0 0.362670 0.156250 0.021259 0.041667
0 0.477466 0.147135 0.024660 0.036458
0 0.498724 0.007812 0.031463 0.028646
0 0.461735 0.264974 0.030612 0.058594
0 0.436224 0.101562 0.035714 0.041667
0 0.486395 0.103516 0.030612 0.040365