4 0.053571 0.565755 0.110544 0.102865
0 0.052296 0.645182 0.089286 0.102865
0 0.178146 0.632161 0.089286 0.170573
0 0.063350 0.702474 0.133503 0.170573
0 0.149660 0.509766 0.078231 0.087240
0 0.607993 0.311198 0.049320 0.044271
0 0.627551 0.263672 0.057823 0.045573
0 0.630527 0.154297 0.028061 0.042969
0 0.616497 0.224609 0.037415 0.032552
0 0.285714 0.518229 0.076531 0.119792
0 0.250850 0.449870 0.064626 0.076823
0 0.323980 0.382812 0.049320 0.067708
0 0.373724 0.412109 0.053571 0.095052
0 0.400085 0.296875 0.022959 0.057292
0 0.445578 0.313151 0.040816 0.092448
0 0.434524 0.212891 0.028912 0.042969
0 0.446003 0.153646 0.028061 0.039062
0 0.409014 0.358724 0.030612 0.053385
0 0.342262 0.193359 0.026361 0.050781
0 0.362670 0.156250 0.021259 0.041667
0 0.477891 0.166667 0.027211 0.044271
0 0.501276 0.006510 0.033163 0.031250
0 0.461735 0.266276 0.030612 0.058594
0 0.435374 0.101562 0.035714 0.041667
0 0.486395 0.106120 0.030612 0.040365