4 0.053571 0.567057 0.110544 0.102865
0 0.052296 0.646484 0.089286 0.102865
0 0.179847 0.633464 0.089286 0.170573
0 0.062500 0.702474 0.133503 0.170573
0 0.148810 0.508464 0.078231 0.087240
0 0.607143 0.312500 0.049320 0.044271
0 0.627551 0.263672 0.057823 0.045573
0 0.629677 0.154297 0.028061 0.042969
0 0.617347 0.225911 0.037415 0.032552
0 0.285714 0.518229 0.076531 0.119792
0 0.250000 0.451172 0.064626 0.076823
0 0.323129 0.382812 0.049320 0.067708
0 0.373724 0.412109 0.053571 0.095052
0 0.397959 0.298177 0.023810 0.059896
0 0.444728 0.313151 0.040816 0.092448
0 0.433673 0.215495 0.028912 0.042969
0 0.445153 0.156250 0.028061 0.039062
0 0.409014 0.357422 0.030612 0.053385
0 0.343112 0.194661 0.026361 0.050781
0 0.363520 0.156250 0.021259 0.041667
0 0.477466 0.175781 0.026361 0.041667
0 0.461735 0.267578 0.030612 0.058594
0 0.436224 0.102865 0.035714 0.041667
0 0.486395 0.108724 0.030612 0.040365