4 0.053571 0.565755 0.110544 0.102865
0 0.051446 0.646484 0.089286 0.102865
0 0.178146 0.633464 0.089286 0.170573
0 0.063350 0.702474 0.133503 0.170573
0 0.149660 0.509766 0.078231 0.087240
0 0.607993 0.312500 0.049320 0.044271
0 0.628401 0.264974 0.057823 0.045573
0 0.628827 0.154297 0.028061 0.042969
0 0.617347 0.224609 0.037415 0.032552
0 0.285714 0.516927 0.076531 0.119792
0 0.250850 0.449870 0.064626 0.076823
0 0.322279 0.382812 0.049320 0.067708
0 0.373724 0.413411 0.053571 0.095052
0 0.397959 0.298177 0.023810 0.059896
0 0.444728 0.311849 0.040816 0.092448
0 0.432823 0.214193 0.028912 0.042969
0 0.446003 0.154948 0.028061 0.039062
0 0.408163 0.357422 0.030612 0.053385
0 0.342262 0.194661 0.026361 0.050781
0 0.364371 0.156250 0.021259 0.041667
0 0.477466 0.175781 0.026361 0.041667
0 0.460884 0.267578 0.030612 0.058594
0 0.436224 0.101562 0.035714 0.041667
0 0.486395 0.110026 0.030612 0.040365