4 0.054422 0.565755 0.110544 0.102865
0 0.051446 0.645182 0.089286 0.102865
0 0.178146 0.632161 0.089286 0.170573
0 0.062500 0.702474 0.133503 0.170573
0 0.148810 0.509766 0.078231 0.087240
0 0.607993 0.312500 0.049320 0.044271
0 0.627551 0.263672 0.057823 0.045573
0 0.630527 0.154297 0.028061 0.042969
0 0.617347 0.224609 0.037415 0.032552
0 0.284864 0.518229 0.076531 0.119792
0 0.250000 0.449870 0.064626 0.076823
0 0.322279 0.382812 0.049320 0.067708
0 0.372874 0.413411 0.053571 0.095052
0 0.396259 0.300781 0.023810 0.059896
0 0.444728 0.313151 0.040816 0.092448
0 0.433673 0.216797 0.028912 0.042969
0 0.444303 0.156901 0.029762 0.040365
0 0.407313 0.357422 0.030612 0.053385
0 0.342262 0.194661 0.026361 0.050781
0 0.362670 0.157552 0.021259 0.041667
0 0.476616 0.182292 0.026361 0.041667
0 0.460034 0.266276 0.030612 0.058594
0 0.437075 0.101562 0.035714 0.041667
0 0.487245 0.115234 0.030612 0.040365