4 0.054422 0.565755 0.110544 0.102865
0 0.051446 0.646484 0.089286 0.102865
0 0.178997 0.633464 0.089286 0.170573
0 0.062500 0.701172 0.133503 0.170573
0 0.148810 0.508464 0.078231 0.087240
0 0.607143 0.311198 0.049320 0.044271
0 0.628401 0.264974 0.057823 0.045573
0 0.630527 0.152995 0.028061 0.042969
0 0.616071 0.223307 0.034864 0.029948
0 0.285714 0.516927 0.076531 0.119792
0 0.250850 0.451172 0.064626 0.076823
0 0.323129 0.382812 0.049320 0.067708
0 0.373724 0.412109 0.053571 0.095052
0 0.397109 0.300781 0.023810 0.059896
0 0.444728 0.313151 0.040816 0.092448
0 0.432823 0.216797 0.028912 0.042969
0 0.444303 0.158203 0.029762 0.040365
0 0.408163 0.358724 0.030612 0.053385
0 0.341412 0.194661 0.026361 0.050781
0 0.363520 0.157552 0.021259 0.041667
0 0.476616 0.183594 0.026361 0.041667
0 0.460884 0.267578 0.030612 0.058594
0 0.436224 0.100260 0.035714 0.041667
0 0.487245 0.113932 0.030612 0.040365