4 0.053571 0.565755 0.110544 0.102865
0 0.052296 0.645182 0.089286 0.102865
0 0.178146 0.632161 0.089286 0.170573
0 0.062500 0.701172 0.133503 0.170573
0 0.149660 0.509766 0.078231 0.087240
0 0.607143 0.312500 0.049320 0.044271
0 0.627551 0.264974 0.057823 0.045573
0 0.630527 0.152995 0.028061 0.042969
0 0.616071 0.223307 0.034864 0.029948
0 0.285714 0.519531 0.076531 0.119792
0 0.250000 0.449870 0.064626 0.076823
0 0.323129 0.384115 0.049320 0.067708
0 0.372874 0.412109 0.053571 0.095052
0 0.394558 0.303385 0.023810 0.059896
0 0.445578 0.313151 0.040816 0.092448
0 0.431973 0.219401 0.028912 0.042969
0 0.444303 0.159505 0.029762 0.040365
0 0.408163 0.357422 0.030612 0.053385
0 0.341412 0.194661 0.026361 0.050781
0 0.364371 0.157552 0.021259 0.041667
0 0.475765 0.188802 0.026361 0.041667
0 0.460034 0.268880 0.030612 0.058594
0 0.437075 0.101562 0.035714 0.041667
0 0.485544 0.117839 0.030612 0.040365