4 0.053571 0.565755 0.110544 0.102865
0 0.052296 0.647786 0.089286 0.102865
0 0.178997 0.632161 0.089286 0.170573
0 0.063350 0.701172 0.133503 0.170573
0 0.148810 0.511068 0.078231 0.087240
0 0.607143 0.309896 0.049320 0.044271
0 0.628401 0.263672 0.057823 0.045573
0 0.630527 0.152995 0.028061 0.042969
0 0.616071 0.224609 0.034864 0.029948
0 0.285714 0.518229 0.076531 0.119792
0 0.250000 0.449870 0.064626 0.076823
0 0.322279 0.382812 0.049320 0.067708
0 0.373724 0.413411 0.053571 0.095052
0 0.394558 0.305990 0.023810 0.059896
0 0.445578 0.313151 0.040816 0.092448
0 0.431122 0.220703 0.028912 0.042969
0 0.443452 0.160807 0.029762 0.040365
0 0.408163 0.357422 0.030612 0.053385
0 0.343112 0.194661 0.026361 0.050781
0 0.362670 0.157552 0.021259 0.041667
0 0.473639 0.195312 0.027211 0.044271
0 0.460034 0.270182 0.030612 0.058594
0 0.437075 0.101562 0.035714 0.041667
0 0.484694 0.121745 0.030612 0.040365