4 0.053571 0.565755 0.110544 0.102865
0 0.052296 0.646484 0.089286 0.102865
0 0.178146 0.632161 0.089286 0.170573
0 0.063350 0.699870 0.133503 0.170573
0 0.147959 0.509766 0.078231 0.087240
0 0.607143 0.311198 0.049320 0.044271
0 0.626701 0.262370 0.057823 0.045573
0 0.629677 0.152995 0.028061 0.042969
0 0.616071 0.223307 0.034864 0.029948
0 0.284864 0.515625 0.076531 0.119792
0 0.250850 0.448568 0.064626 0.076823
0 0.322279 0.382812 0.049320 0.067708
0 0.372874 0.413411 0.053571 0.095052
0 0.394558 0.320312 0.035714 0.059896
0 0.444728 0.311849 0.040816 0.092448
0 0.430697 0.220052 0.029762 0.044271
0 0.444303 0.163411 0.029762 0.040365
0 0.414541 0.354818 0.036565 0.058594
0 0.343112 0.192057 0.026361 0.050781
0 0.362670 0.156250 0.021259 0.041667
0 0.473639 0.194010 0.027211 0.044271
0 0.460034 0.267578 0.030612 0.058594
0 0.435374 0.101562 0.035714 0.041667
0 0.484694 0.121745 0.030612 0.040365