4 0.052721 0.565755 0.110544 0.102865
0 0.053146 0.645182 0.089286 0.102865
0 0.178997 0.632161 0.089286 0.170573
0 0.064201 0.699870 0.133503 0.170573
0 0.148810 0.509766 0.078231 0.087240
0 0.606293 0.311198 0.049320 0.044271
0 0.627551 0.262370 0.057823 0.045573
0 0.629677 0.152995 0.028061 0.042969
0 0.616922 0.222005 0.034864 0.029948
0 0.284864 0.516927 0.076531 0.119792
0 0.250000 0.448568 0.064626 0.076823
0 0.323129 0.380208 0.049320 0.067708
0 0.372874 0.410807 0.053571 0.095052
0 0.392007 0.321615 0.035714 0.059896
0 0.443878 0.311849 0.040816 0.092448
0 0.431548 0.221354 0.029762 0.044271
0 0.442602 0.166016 0.029762 0.040365
0 0.414541 0.356120 0.036565 0.058594
0 0.342262 0.192057 0.026361 0.050781
0 0.362670 0.157552 0.021259 0.041667
0 0.473639 0.200521 0.027211 0.044271
0 0.460034 0.267578 0.030612 0.058594
0 0.435374 0.098958 0.035714 0.041667
0 0.483418 0.123698 0.031463 0.041667