4 0.052721 0.565755 0.110544 0.102865
0 0.053146 0.643880 0.089286 0.102865
0 0.178146 0.632161 0.089286 0.170573
0 0.064201 0.699870 0.133503 0.170573
0 0.149660 0.508464 0.078231 0.087240
0 0.607143 0.311198 0.049320 0.044271
0 0.627551 0.262370 0.057823 0.045573
0 0.629677 0.152995 0.028061 0.042969
0 0.616922 0.223307 0.034864 0.029948
0 0.284864 0.518229 0.076531 0.119792
0 0.250000 0.448568 0.064626 0.076823
0 0.323129 0.380208 0.049320 0.067708
0 0.372874 0.410807 0.053571 0.095052
0 0.390306 0.324219 0.035714 0.059896
0 0.443878 0.313151 0.040816 0.092448
0 0.430697 0.221354 0.029762 0.044271
0 0.441752 0.167318 0.029762 0.040365
0 0.414541 0.354818 0.036565 0.058594
0 0.342262 0.194661 0.026361 0.050781
0 0.362670 0.157552 0.021259 0.041667
0 0.471939 0.207031 0.027211 0.044271
0 0.459184 0.267578 0.030612 0.058594
0 0.436224 0.097656 0.034014 0.039062
0 0.484269 0.127604 0.031463 0.041667