4 0.052721 0.565755 0.110544 0.102865
0 0.053997 0.645182 0.089286 0.102865
0 0.178146 0.633464 0.089286 0.170573
0 0.064201 0.699870 0.133503 0.170573
0 0.148810 0.509766 0.078231 0.087240
0 0.607143 0.311198 0.049320 0.044271
0 0.626701 0.263672 0.057823 0.045573
0 0.630527 0.154297 0.028061 0.042969
0 0.616922 0.223307 0.034864 0.029948
0 0.284864 0.515625 0.076531 0.119792
0 0.250000 0.448568 0.064626 0.076823
0 0.322704 0.380859 0.046769 0.063802
0 0.373724 0.413411 0.053571 0.095052
0 0.389456 0.326823 0.035714 0.059896
0 0.443878 0.311849 0.040816 0.092448
0 0.430697 0.223958 0.029762 0.044271
0 0.440901 0.168620 0.029762 0.040365
0 0.415391 0.356120 0.036565 0.058594
0 0.341412 0.193359 0.026361 0.050781
0 0.363520 0.157552 0.021259 0.041667
0 0.471088 0.212240 0.027211 0.044271
0 0.457483 0.268880 0.030612 0.058594
0 0.437075 0.097656 0.034014 0.039062
0 0.483418 0.131510 0.031463 0.041667