4 0.052721 0.565755 0.110544 0.102865
0 0.052296 0.643880 0.089286 0.102865
0 0.178146 0.632161 0.089286 0.170573
0 0.064201 0.701172 0.133503 0.170573
0 0.149660 0.507161 0.078231 0.087240
0 0.607143 0.312500 0.049320 0.044271
0 0.625850 0.262370 0.057823 0.045573
0 0.630527 0.152995 0.028061 0.042969
0 0.616071 0.222005 0.034864 0.029948
0 0.284864 0.516927 0.076531 0.119792
0 0.250850 0.448568 0.064626 0.076823
0 0.322704 0.380859 0.046769 0.063802
0 0.373724 0.413411 0.053571 0.095052
0 0.386905 0.328125 0.035714 0.059896
0 0.443027 0.311849 0.040816 0.092448
0 0.429847 0.225260 0.029762 0.044271
0 0.440901 0.168620 0.029762 0.040365
0 0.413690 0.356120 0.038265 0.061198
0 0.342262 0.194661 0.026361 0.050781
0 0.363520 0.157552 0.021259 0.041667
0 0.470238 0.216146 0.027211 0.044271
0 0.458333 0.268880 0.030612 0.058594
0 0.437075 0.096354 0.034014 0.039062
0 0.484269 0.136719 0.031463 0.041667