4 0.052721 0.565755 0.110544 0.102865
0 0.053146 0.643880 0.089286 0.102865
0 0.177296 0.632161 0.089286 0.170573
0 0.064201 0.699870 0.133503 0.170573
0 0.148810 0.507161 0.078231 0.087240
0 0.607143 0.311198 0.049320 0.044271
0 0.625850 0.262370 0.057823 0.045573
0 0.629677 0.152995 0.028061 0.042969
0 0.616071 0.222656 0.036565 0.031250
0 0.284864 0.516927 0.076531 0.119792
0 0.250425 0.445964 0.067177 0.079427
0 0.322704 0.379557 0.046769 0.063802
0 0.373724 0.412109 0.053571 0.095052
0 0.386905 0.329427 0.035714 0.059896
0 0.443027 0.311849 0.040816 0.092448
0 0.430697 0.226562 0.029762 0.044271
0 0.440901 0.168620 0.029762 0.040365
0 0.414541 0.354818 0.038265 0.061198
0 0.341412 0.194661 0.026361 0.050781
0 0.363520 0.157552 0.021259 0.041667
0 0.468963 0.216797 0.028061 0.045573
0 0.458333 0.268229 0.028912 0.054688
0 0.437075 0.097656 0.035714 0.041667
0 0.482568 0.136719 0.031463 0.041667