4 0.052721 0.564453 0.110544 0.102865
0 0.052296 0.643880 0.089286 0.102865
0 0.177296 0.632161 0.089286 0.170573
0 0.063350 0.699870 0.133503 0.170573
0 0.149660 0.507161 0.078231 0.087240
0 0.607143 0.311198 0.049320 0.044271
0 0.626701 0.263672 0.057823 0.045573
0 0.629677 0.152995 0.028061 0.042969
0 0.616071 0.222005 0.034864 0.029948
0 0.284014 0.516927 0.076531 0.119792
0 0.250425 0.447266 0.067177 0.079427
0 0.322704 0.380859 0.046769 0.063802
0 0.372874 0.410807 0.053571 0.095052
0 0.387755 0.330729 0.035714 0.059896
0 0.443878 0.313151 0.040816 0.092448
0 0.430697 0.225260 0.029762 0.044271
0 0.440051 0.169922 0.029762 0.040365
0 0.414541 0.356120 0.036565 0.058594
0 0.342262 0.193359 0.026361 0.050781
0 0.363520 0.157552 0.021259 0.041667
0 0.469813 0.215495 0.028061 0.045573
0 0.457483 0.269531 0.028912 0.054688
0 0.436224 0.096354 0.035714 0.041667
0 0.483844 0.136719 0.030612 0.039062