4 0.052721 0.564453 0.110544 0.102865
0 0.053146 0.643880 0.089286 0.102865
0 0.177296 0.632161 0.089286 0.170573
0 0.063350 0.701172 0.133503 0.170573
0 0.148810 0.508464 0.078231 0.087240
0 0.607993 0.312500 0.049320 0.044271
0 0.626701 0.262370 0.057823 0.045573
0 0.629677 0.152995 0.028061 0.042969
0 0.616071 0.222005 0.034864 0.029948
0 0.284014 0.515625 0.076531 0.119792
0 0.250425 0.447266 0.067177 0.079427
0 0.321854 0.380859 0.046769 0.063802
0 0.372874 0.412109 0.053571 0.095052
0 0.385204 0.330729 0.035714 0.059896
0 0.443878 0.313151 0.040816 0.092448
0 0.429847 0.226562 0.029762 0.044271
0 0.440901 0.171224 0.029762 0.040365
0 0.413690 0.356120 0.036565 0.058594
0 0.342262 0.193359 0.026361 0.050781
0 0.364371 0.156250 0.021259 0.041667
0 0.468963 0.219401 0.028061 0.045573
0 0.457483 0.268229 0.028912 0.054688
0 0.437075 0.093750 0.034014 0.039062
0 0.483844 0.140625 0.030612 0.039062