4 0.052721 0.564453 0.110544 0.102865
0 0.052296 0.645182 0.089286 0.102865
0 0.176446 0.632161 0.089286 0.170573
0 0.063350 0.702474 0.133503 0.170573
0 0.148810 0.508464 0.078231 0.087240
0 0.607143 0.311198 0.049320 0.044271
0 0.626701 0.262370 0.057823 0.045573
0 0.629677 0.152995 0.028061 0.042969
0 0.616071 0.222005 0.034864 0.029948
0 0.284864 0.515625 0.076531 0.119792
0 0.249575 0.447266 0.067177 0.079427
0 0.322704 0.380859 0.046769 0.063802
0 0.372874 0.412109 0.053571 0.095052
0 0.385204 0.330729 0.035714 0.059896
0 0.443878 0.313151 0.040816 0.092448
0 0.429847 0.226562 0.029762 0.044271
0 0.440051 0.171224 0.029762 0.040365
0 0.414541 0.356120 0.036565 0.058594
0 0.341412 0.193359 0.026361 0.050781
0 0.364371 0.156250 0.021259 0.041667
0 0.468963 0.219401 0.028061 0.045573
0 0.458333 0.270182 0.030612 0.058594
0 0.438776 0.095052 0.035714 0.041667
0 0.483844 0.141927 0.030612 0.039062