4 0.052721 0.564453 0.110544 0.102865
0 0.050595 0.645182 0.089286 0.102865
0 0.178146 0.632161 0.089286 0.170573
0 0.061224 0.699870 0.139456 0.178385
0 0.148810 0.508464 0.078231 0.087240
0 0.607143 0.309896 0.049320 0.044271
0 0.625850 0.262370 0.057823 0.045573
0 0.629677 0.152995 0.028061 0.042969
0 0.616922 0.222005 0.034864 0.029948
0 0.284864 0.516927 0.076531 0.119792
0 0.249575 0.445964 0.067177 0.079427
0 0.322704 0.380859 0.046769 0.063802
0 0.372024 0.413411 0.053571 0.095052
0 0.383503 0.335938 0.035714 0.059896
0 0.444728 0.313151 0.040816 0.092448
0 0.428997 0.231771 0.029762 0.044271
0 0.439201 0.176432 0.029762 0.040365
0 0.414541 0.353516 0.036565 0.058594
0 0.342262 0.195964 0.026361 0.050781
0 0.362670 0.156250 0.021259 0.041667
0 0.468537 0.220052 0.027211 0.044271
0 0.458333 0.270182 0.030612 0.058594
0 0.439626 0.091146 0.035714 0.041667
0 0.481718 0.153646 0.031463 0.041667