4 0.052721 0.564453 0.110544 0.102865
0 0.049745 0.645182 0.089286 0.102865
0 0.177296 0.633464 0.089286 0.170573
0 0.060374 0.701172 0.139456 0.178385
0 0.148810 0.507161 0.078231 0.087240
0 0.606293 0.311198 0.049320 0.044271
0 0.626701 0.263672 0.057823 0.045573
0 0.629677 0.154297 0.028061 0.042969
0 0.616071 0.222005 0.034864 0.029948
0 0.284014 0.516927 0.076531 0.119792
0 0.250425 0.448568 0.067177 0.079427
0 0.322704 0.380859 0.046769 0.063802
0 0.372874 0.412109 0.053571 0.095052
0 0.382653 0.335938 0.035714 0.059896
0 0.443878 0.313151 0.040816 0.092448
0 0.428997 0.233073 0.029762 0.044271
0 0.439201 0.175130 0.029762 0.040365
0 0.414541 0.354818 0.036565 0.058594
0 0.342262 0.193359 0.026361 0.050781
0 0.362670 0.157552 0.021259 0.041667
0 0.468112 0.219401 0.028061 0.045573
0 0.459184 0.270182 0.030612 0.058594
0 0.439626 0.091146 0.034014 0.039062
0 0.480867 0.153646 0.031463 0.041667