4 0.053571 0.564453 0.110544 0.102865
0 0.048044 0.645182 0.089286 0.102865
0 0.178146 0.632161 0.089286 0.170573
0 0.058673 0.697266 0.139456 0.178385
0 0.149660 0.508464 0.078231 0.087240
0 0.607143 0.311198 0.049320 0.044271
0 0.626701 0.262370 0.057823 0.045573
0 0.629677 0.151693 0.028061 0.042969
0 0.616071 0.223307 0.034864 0.029948
0 0.284864 0.516927 0.076531 0.119792
0 0.249575 0.447266 0.067177 0.079427
0 0.322704 0.379557 0.046769 0.063802
0 0.372874 0.413411 0.053571 0.095052
0 0.381803 0.337240 0.035714 0.059896
0 0.443878 0.313151 0.040816 0.092448
0 0.427296 0.233073 0.029762 0.044271
0 0.439201 0.176432 0.029762 0.040365
0 0.415391 0.353516 0.036565 0.058594
0 0.342262 0.193359 0.026361 0.050781
0 0.362670 0.157552 0.021259 0.041667
0 0.468963 0.220703 0.028061 0.045573
0 0.458333 0.270182 0.030612 0.058594
0 0.442177 0.089844 0.034014 0.039062
0 0.480017 0.158854 0.031463 0.041667