4 0.052721 0.564453 0.110544 0.102865
0 0.047194 0.646484 0.089286 0.102865
0 0.178146 0.632161 0.089286 0.170573
0 0.057398 0.698568 0.133503 0.170573
0 0.149660 0.509766 0.078231 0.087240
0 0.606293 0.309896 0.049320 0.044271
0 0.626701 0.263672 0.057823 0.045573
0 0.629677 0.152995 0.028061 0.042969
0 0.616071 0.221354 0.036565 0.031250
0 0.284014 0.518229 0.076531 0.119792
0 0.250425 0.447266 0.067177 0.079427
0 0.322704 0.380859 0.046769 0.063802
0 0.372024 0.413411 0.053571 0.095052
0 0.380952 0.338542 0.035714 0.059896
0 0.444728 0.313151 0.040816 0.092448
0 0.428146 0.235677 0.029762 0.044271
0 0.438350 0.177734 0.029762 0.040365
0 0.414541 0.353516 0.036565 0.058594
0 0.342262 0.193359 0.026361 0.050781
0 0.362670 0.156250 0.021259 0.041667
0 0.468963 0.222005 0.028061 0.045573
0 0.458333 0.270182 0.030612 0.058594
0 0.443027 0.085938 0.034014 0.039062
0 0.479167 0.164062 0.031463 0.041667