4 0.052721 0.564453 0.110544 0.102865
0 0.047194 0.645182 0.089286 0.102865
0 0.177296 0.632161 0.089286 0.170573
0 0.057398 0.698568 0.133503 0.170573
0 0.148810 0.508464 0.078231 0.087240
0 0.607568 0.309896 0.046769 0.041667
0 0.625850 0.262370 0.057823 0.045573
0 0.628827 0.152995 0.028061 0.042969
0 0.616071 0.222656 0.036565 0.031250
0 0.284014 0.515625 0.076531 0.119792
0 0.250425 0.448568 0.067177 0.079427
0 0.323554 0.380859 0.046769 0.063802
0 0.372024 0.413411 0.053571 0.095052
0 0.381803 0.337240 0.035714 0.059896
0 0.443878 0.313151 0.040816 0.092448
0 0.427296 0.235677 0.029762 0.044271
0 0.438350 0.177734 0.029762 0.040365
0 0.415391 0.354818 0.036565 0.058594
0 0.342262 0.194661 0.026361 0.050781
0 0.362670 0.156250 0.021259 0.041667
0 0.468112 0.222005 0.028061 0.045573
0 0.458333 0.270182 0.030612 0.058594
0 0.443027 0.087240 0.034014 0.039062
0 0.480017 0.165365 0.031463 0.041667