4 0.053571 0.564453 0.110544 0.102865
0 0.047194 0.646484 0.089286 0.102865
0 0.178146 0.630859 0.089286 0.170573
0 0.054847 0.698568 0.133503 0.170573
0 0.149660 0.509766 0.078231 0.087240
0 0.607143 0.311198 0.049320 0.044271
0 0.627551 0.262370 0.057823 0.045573
0 0.630527 0.151693 0.028061 0.042969
0 0.616071 0.222656 0.036565 0.031250
0 0.283163 0.516927 0.076531 0.119792
0 0.249575 0.447266 0.067177 0.079427
0 0.323554 0.380859 0.046769 0.063802
0 0.372874 0.413411 0.053571 0.095052
0 0.379252 0.338542 0.035714 0.059896
0 0.443027 0.313151 0.040816 0.092448
0 0.426446 0.238281 0.029762 0.044271
0 0.437500 0.179036 0.029762 0.040365
0 0.413690 0.354818 0.036565 0.058594
0 0.341412 0.194661 0.026361 0.050781
0 0.362670 0.156250 0.021259 0.041667
0 0.468963 0.223307 0.028061 0.045573
0 0.457483 0.271484 0.030612 0.058594
0 0.444728 0.082031 0.034014 0.039062
0 0.479167 0.169271 0.031463 0.041667