4 0.052721 0.565755 0.110544 0.102865
0 0.048895 0.646484 0.089286 0.102865
0 0.178997 0.630859 0.089286 0.170573
0 0.058248 0.698568 0.133503 0.170573
0 0.149660 0.508464 0.078231 0.087240
0 0.606293 0.311198 0.049320 0.044271
0 0.626701 0.263672 0.057823 0.045573
0 0.629677 0.154297 0.028061 0.042969
0 0.616922 0.222656 0.036565 0.031250
0 0.282313 0.518229 0.076531 0.119792
0 0.249575 0.447266 0.067177 0.079427
0 0.322704 0.380859 0.046769 0.063802
0 0.372874 0.414714 0.053571 0.095052
0 0.379252 0.338542 0.035714 0.059896
0 0.443878 0.311849 0.040816 0.092448
0 0.427296 0.239583 0.029762 0.044271
0 0.437500 0.181641 0.029762 0.040365
0 0.415391 0.354818 0.036565 0.058594
0 0.342262 0.193359 0.026361 0.050781
0 0.363520 0.156250 0.021259 0.041667
0 0.468112 0.220703 0.028061 0.045573
0 0.458333 0.269531 0.028912 0.054688
0 0.445578 0.080729 0.034014 0.039062
0 0.478316 0.175781 0.031463 0.041667