4 0.053571 0.565755 0.110544 0.102865
0 0.048895 0.647786 0.089286 0.102865
0 0.178997 0.630859 0.089286 0.170573
0 0.057398 0.698568 0.133503 0.170573
0 0.147959 0.508464 0.078231 0.087240
0 0.606293 0.311198 0.049320 0.044271
0 0.625850 0.263672 0.057823 0.045573
0 0.629677 0.154297 0.028061 0.042969
0 0.616071 0.222656 0.036565 0.031250
0 0.283163 0.518229 0.076531 0.119792
0 0.249575 0.448568 0.067177 0.079427
0 0.323554 0.379557 0.046769 0.063802
0 0.371173 0.414714 0.053571 0.095052
0 0.379252 0.339844 0.035714 0.059896
0 0.443878 0.313151 0.040816 0.092448
0 0.427296 0.239583 0.029762 0.044271
0 0.436650 0.182943 0.029762 0.040365
0 0.414541 0.354818 0.036565 0.058594
0 0.342262 0.193359 0.026361 0.050781
0 0.363520 0.156250 0.021259 0.041667
0 0.468112 0.222005 0.028061 0.045573
0 0.457483 0.269531 0.028912 0.054688
0 0.446429 0.080729 0.034014 0.039062
0 0.479167 0.177083 0.031463 0.041667