4 0.052721 0.565755 0.110544 0.102865
0 0.048895 0.647786 0.089286 0.102865
0 0.178146 0.629557 0.089286 0.170573
0 0.058248 0.694661 0.133503 0.170573
0 0.149660 0.509766 0.078231 0.087240
0 0.607143 0.309896 0.049320 0.044271
0 0.625850 0.263672 0.057823 0.045573
0 0.630527 0.151693 0.028061 0.042969
0 0.616922 0.222005 0.034864 0.029948
0 0.282313 0.519531 0.076531 0.119792
0 0.249575 0.447266 0.067177 0.079427
0 0.322704 0.379557 0.046769 0.063802
0 0.372024 0.416016 0.053571 0.095052
0 0.378401 0.339844 0.035714 0.059896
0 0.443027 0.313151 0.040816 0.092448
0 0.426446 0.242188 0.029762 0.044271
0 0.437500 0.181641 0.029762 0.040365
0 0.414541 0.353516 0.036565 0.058594
0 0.341412 0.193359 0.026361 0.050781
0 0.363520 0.157552 0.021259 0.041667
0 0.468963 0.223307 0.028061 0.045573
0 0.458333 0.270833 0.028912 0.054688
0 0.447279 0.076823 0.034014 0.039062
0 0.478316 0.178385 0.031463 0.041667