4 0.053571 0.565755 0.110544 0.102865
0 0.048895 0.646484 0.089286 0.102865
0 0.178146 0.629557 0.089286 0.170573
0 0.057823 0.693359 0.139456 0.178385
0 0.147959 0.509766 0.078231 0.087240
0 0.606293 0.309896 0.049320 0.044271
0 0.626701 0.262370 0.057823 0.045573
0 0.630527 0.152995 0.028061 0.042969
0 0.616922 0.222005 0.034864 0.029948
0 0.282313 0.518229 0.076531 0.119792
0 0.249575 0.447266 0.067177 0.079427
0 0.323554 0.379557 0.046769 0.063802
0 0.372024 0.413411 0.053571 0.095052
0 0.379252 0.341146 0.035714 0.059896
0 0.443878 0.313151 0.040816 0.092448
0 0.425595 0.242188 0.029762 0.044271
0 0.437500 0.181641 0.029762 0.040365
0 0.414541 0.354818 0.036565 0.058594
0 0.341412 0.193359 0.026361 0.050781
0 0.363520 0.157552 0.021259 0.041667
0 0.468963 0.222005 0.028061 0.045573
0 0.458333 0.269531 0.027211 0.052083
0 0.448980 0.078125 0.034014 0.039062
0 0.477466 0.180990 0.031463 0.041667