4 0.053571 0.565755 0.110544 0.102865
0 0.049320 0.645833 0.093537 0.106771
0 0.178146 0.632161 0.089286 0.170573
0 0.058673 0.695964 0.139456 0.178385
0 0.148810 0.508464 0.078231 0.087240
0 0.607143 0.311198 0.049320 0.044271
0 0.626701 0.263672 0.057823 0.045573
0 0.630527 0.151693 0.028061 0.042969
0 0.616922 0.223307 0.034864 0.029948
0 0.282313 0.520833 0.076531 0.119792
0 0.249575 0.448568 0.067177 0.079427
0 0.322704 0.379557 0.046769 0.063802
0 0.371173 0.414714 0.053571 0.095052
0 0.377551 0.339844 0.035714 0.059896
0 0.443878 0.311849 0.040816 0.092448
0 0.425595 0.244792 0.029762 0.044271
0 0.436650 0.184245 0.029762 0.040365
0 0.413690 0.356120 0.036565 0.058594
0 0.342262 0.194661 0.026361 0.050781
0 0.362670 0.157552 0.021259 0.041667
0 0.467262 0.222005 0.028061 0.045573
0 0.457483 0.269531 0.028912 0.054688
0 0.450680 0.072917 0.035714 0.041667
0 0.477891 0.184896 0.030612 0.039062