4 0.052721 0.567057 0.110544 0.102865
0 0.064063 0.651145 0.093537 0.106771
0 0.177296 0.632161 0.089286 0.170573
0 0.148810 0.508464 0.078231 0.087240
0 0.607143 0.309896 0.049320 0.044271
0 0.625850 0.262370 0.057823 0.045573
0 0.630527 0.151693 0.028061 0.042969
0 0.616922 0.223307 0.034864 0.029948
0 0.271038 0.532811 0.092142 0.133072
0 0.248724 0.445964 0.067177 0.079427
0 0.329209 0.389543 0.058043 0.075754
0 0.361633 0.431314 0.058775 0.077788
0 0.377551 0.339844 0.035714 0.059896
0 0.443878 0.311849 0.040816 0.092448
0 0.425595 0.246094 0.029762 0.044271
0 0.437500 0.184245 0.029762 0.040365
0 0.412840 0.354818 0.036565 0.058594
0 0.343129 0.194661 0.026361 0.050781
0 0.366139 0.157552 0.021259 0.041667
0 0.472466 0.217357 0.029796 0.049557
0 0.459184 0.269531 0.028912 0.054688
0 0.454149 0.075573 0.030511 0.041667
0 0.485271 0.139743 0.031463 0.041667