4 0.051871 0.565755 0.110544 0.102865
0 0.063350 0.652344 0.092687 0.106771
0 0.176446 0.630859 0.089286 0.170573
0 0.147959 0.508464 0.078231 0.087240
0 0.607143 0.309245 0.051020 0.045573
0 0.625850 0.261068 0.057823 0.045573
0 0.630527 0.150391 0.028061 0.042969
0 0.616922 0.222005 0.034864 0.029948
0 0.269558 0.533854 0.091837 0.132812
0 0.247874 0.444661 0.067177 0.079427
0 0.328231 0.389323 0.057823 0.075521
0 0.360969 0.430339 0.058673 0.076823
0 0.375850 0.339844 0.035714 0.059896
0 0.443878 0.311849 0.040816 0.092448
0 0.424745 0.244792 0.029762 0.044271
0 0.436650 0.184245 0.029762 0.040365
0 0.412840 0.354818 0.036565 0.058594
0 0.343112 0.194661 0.026361 0.050781
0 0.365221 0.157552 0.021259 0.041667
0 0.472364 0.214844 0.029762 0.049479
0 0.458759 0.269531 0.029762 0.057292
0 0.455357 0.072917 0.029762 0.041667
0 0.485119 0.141927 0.031463 0.041667