4 0.052721 0.564453 0.110544 0.102865
0 0.063350 0.651042 0.092687 0.106771
0 0.175595 0.632161 0.089286 0.170573
0 0.148810 0.509766 0.078231 0.087240
0 0.607143 0.309896 0.049320 0.044271
0 0.625850 0.261068 0.057823 0.045573
0 0.630527 0.150391 0.028061 0.042969
0 0.616922 0.222005 0.034864 0.029948
0 0.270408 0.532552 0.091837 0.132812
0 0.247874 0.444661 0.067177 0.079427
0 0.329082 0.389323 0.057823 0.075521
0 0.360969 0.430339 0.058673 0.076823
0 0.375000 0.338542 0.035714 0.059896
0 0.443878 0.311849 0.040816 0.092448
0 0.423895 0.246094 0.029762 0.044271
0 0.436650 0.185547 0.029762 0.040365
0 0.412840 0.354818 0.036565 0.058594
0 0.342262 0.193359 0.026361 0.050781
0 0.365221 0.157552 0.021259 0.041667
0 0.472364 0.216146 0.029762 0.049479
0 0.457908 0.269531 0.029762 0.057292
0 0.455357 0.072917 0.029762 0.041667
0 0.485119 0.141927 0.031463 0.041667