4 0.051871 0.565755 0.110544 0.102865
0 0.061650 0.649740 0.092687 0.106771
0 0.176446 0.630859 0.089286 0.170573
0 0.147959 0.508464 0.078231 0.087240
0 0.607993 0.308594 0.049320 0.044271
0 0.625000 0.259766 0.057823 0.045573
0 0.629677 0.149089 0.028061 0.042969
0 0.616922 0.221354 0.036565 0.031250
0 0.269558 0.533854 0.091837 0.132812
0 0.248724 0.443359 0.067177 0.079427
0 0.328231 0.388021 0.057823 0.075521
0 0.360119 0.431641 0.058673 0.076823
0 0.374150 0.341146 0.035714 0.059896
0 0.443878 0.311849 0.040816 0.092448
0 0.422194 0.252604 0.029762 0.044271
0 0.434099 0.190755 0.029762 0.040365
0 0.412840 0.353516 0.038265 0.061198
0 0.342262 0.194661 0.026361 0.050781
0 0.364371 0.156250 0.021259 0.041667
0 0.471514 0.217448 0.029762 0.049479
0 0.458333 0.270833 0.028912 0.054688
0 0.462160 0.058594 0.029762 0.041667
0 0.483418 0.154948 0.031463 0.041667