4 0.051871 0.565755 0.110544 0.102865
0 0.060799 0.651042 0.092687 0.106771
0 0.176446 0.632161 0.089286 0.170573
0 0.148810 0.508464 0.078231 0.087240
0 0.607143 0.308594 0.049320 0.044271
0 0.625850 0.259766 0.057823 0.045573
0 0.629677 0.149089 0.028061 0.042969
0 0.616922 0.222656 0.036565 0.031250
0 0.269558 0.533854 0.091837 0.132812
0 0.247874 0.443359 0.067177 0.079427
0 0.328231 0.388021 0.057823 0.075521
0 0.360119 0.430339 0.058673 0.076823
0 0.373299 0.342448 0.035714 0.059896
0 0.443027 0.311849 0.040816 0.092448
0 0.422194 0.253906 0.029762 0.044271
0 0.434099 0.192057 0.029762 0.040365
0 0.411990 0.354818 0.038265 0.061198
0 0.342262 0.194661 0.026361 0.050781
0 0.364371 0.156250 0.021259 0.041667
0 0.471514 0.214844 0.029762 0.049479
0 0.458333 0.270833 0.028912 0.054688
0 0.462160 0.058594 0.029762 0.041667
0 0.483418 0.153646 0.031463 0.041667