4 0.051871 0.565755 0.110544 0.102865
0 0.061650 0.649740 0.092687 0.106771
0 0.175595 0.629557 0.089286 0.170573
0 0.147959 0.508464 0.078231 0.087240
0 0.607143 0.308594 0.049320 0.044271
0 0.624150 0.261068 0.057823 0.045573
0 0.629677 0.150391 0.028061 0.042969
0 0.616922 0.221354 0.036565 0.031250
0 0.270408 0.532552 0.091837 0.132812
0 0.248724 0.444661 0.067177 0.079427
0 0.328231 0.389323 0.057823 0.075521
0 0.359694 0.430990 0.061224 0.080729
0 0.372449 0.342448 0.035714 0.059896
0 0.443027 0.311849 0.040816 0.092448
0 0.420493 0.256510 0.029762 0.044271
0 0.433248 0.194661 0.029762 0.040365
0 0.412840 0.354818 0.038265 0.061198
0 0.342262 0.193359 0.026361 0.050781
0 0.364371 0.156250 0.021259 0.041667
0 0.471514 0.216146 0.029762 0.049479
0 0.458333 0.270833 0.028912 0.054688
0 0.465561 0.054688 0.029762 0.041667
0 0.483418 0.156250 0.031463 0.041667