4 0.051871 0.564453 0.110544 0.102865
0 0.061650 0.649740 0.092687 0.106771
0 0.177721 0.628906 0.085034 0.161458
0 0.148810 0.508464 0.078231 0.087240
0 0.607143 0.308594 0.049320 0.044271
0 0.625000 0.261068 0.054422 0.042969
0 0.630527 0.150391 0.028061 0.042969
0 0.616922 0.222656 0.036565 0.031250
0 0.269558 0.533854 0.091837 0.132812
0 0.247874 0.444661 0.067177 0.079427
0 0.327381 0.388021 0.057823 0.075521
0 0.358844 0.430990 0.061224 0.080729
0 0.373299 0.345052 0.035714 0.059896
0 0.443027 0.311849 0.040816 0.092448
0 0.420493 0.257812 0.029762 0.044271
0 0.433673 0.196615 0.030612 0.041667
0 0.413690 0.353516 0.038265 0.061198
0 0.342262 0.193359 0.026361 0.050781
0 0.364371 0.156250 0.021259 0.041667
0 0.472364 0.216146 0.029762 0.049479
0 0.460034 0.270833 0.028912 0.054688
0 0.467262 0.048828 0.031463 0.042969
0 0.483418 0.160156 0.031463 0.041667