4 0.051871 0.565755 0.110544 0.102865
0 0.061650 0.651042 0.092687 0.106771
0 0.176446 0.629557 0.089286 0.170573
0 0.147959 0.508464 0.078231 0.087240
0 0.607143 0.308594 0.049320 0.044271
0 0.625000 0.262370 0.057823 0.045573
0 0.629677 0.149089 0.028061 0.042969
0 0.616071 0.222656 0.036565 0.031250
0 0.269558 0.533854 0.091837 0.132812
0 0.248724 0.442057 0.067177 0.079427
0 0.329082 0.389323 0.057823 0.075521
0 0.358844 0.433594 0.061224 0.080729
0 0.371599 0.343750 0.037415 0.062500
0 0.443027 0.311849 0.040816 0.092448
0 0.419643 0.261719 0.029762 0.044271
0 0.431973 0.199219 0.030612 0.041667
0 0.412840 0.353516 0.038265 0.061198
0 0.342262 0.192057 0.026361 0.050781
0 0.364371 0.156250 0.021259 0.041667
0 0.472364 0.218750 0.029762 0.049479
0 0.459184 0.270833 0.028912 0.054688
0 0.469813 0.046875 0.029762 0.041667
0 0.481718 0.162760 0.031463 0.041667