4 0.051871 0.565755 0.110544 0.102865
0 0.062500 0.652344 0.092687 0.106771
0 0.171344 0.636068 0.089286 0.170573
0 0.146259 0.509766 0.078231 0.087240
0 0.607993 0.308594 0.049320 0.044271
0 0.625850 0.259766 0.057823 0.045573
0 0.629677 0.150391 0.028061 0.042969
0 0.616071 0.220703 0.034864 0.029948
0 0.268707 0.533854 0.091837 0.132812
0 0.247874 0.443359 0.067177 0.079427
0 0.327381 0.390625 0.057823 0.075521
0 0.356293 0.434896 0.061224 0.080729
0 0.371599 0.345052 0.037415 0.062500
0 0.444728 0.313151 0.040816 0.092448
0 0.417092 0.265625 0.029762 0.044271
0 0.430272 0.207031 0.030612 0.041667
0 0.413690 0.353516 0.038265 0.061198
0 0.342262 0.195964 0.026361 0.050781
0 0.364371 0.156250 0.021259 0.041667
0 0.472364 0.218750 0.029762 0.049479
0 0.458759 0.270833 0.029762 0.057292
0 0.479167 0.029297 0.031463 0.042969
0 0.480017 0.171875 0.031463 0.041667