4 0.052721 0.565755 0.110544 0.102865
0 0.062500 0.652344 0.092687 0.106771
0 0.169218 0.639974 0.093537 0.178385
0 0.142007 0.512370 0.078231 0.087240
0 0.607993 0.309896 0.049320 0.044271
0 0.625850 0.261068 0.057823 0.045573
0 0.629677 0.150391 0.028061 0.042969
0 0.616071 0.222005 0.034864 0.029948
0 0.267857 0.533854 0.091837 0.132812
0 0.247874 0.444661 0.067177 0.079427
0 0.328231 0.389323 0.057823 0.075521
0 0.357143 0.433594 0.061224 0.080729
0 0.371599 0.345052 0.037415 0.062500
0 0.444728 0.311849 0.040816 0.092448
0 0.415391 0.268229 0.029762 0.044271
0 0.428571 0.210938 0.030612 0.041667
0 0.413690 0.354818 0.038265 0.061198
0 0.342262 0.194661 0.026361 0.050781
0 0.365221 0.156250 0.021259 0.041667
0 0.471514 0.220052 0.029762 0.049479
0 0.457908 0.270833 0.029762 0.057292
0 0.482568 0.026693 0.031463 0.042969
0 0.480017 0.171875 0.031463 0.041667