4 0.051871 0.564453 0.110544 0.102865
0 0.063350 0.652344 0.092687 0.106771
0 0.168367 0.641276 0.093537 0.178385
0 0.142857 0.511068 0.078231 0.087240
0 0.607143 0.308594 0.049320 0.044271
0 0.625850 0.261068 0.057823 0.045573
0 0.628827 0.149089 0.028061 0.042969
0 0.616071 0.223307 0.034864 0.029948
0 0.267857 0.533854 0.091837 0.132812
0 0.247874 0.444661 0.067177 0.079427
0 0.328231 0.390625 0.057823 0.075521
0 0.356293 0.434896 0.061224 0.080729
0 0.371599 0.345052 0.037415 0.062500
0 0.444728 0.310547 0.040816 0.092448
0 0.416241 0.269531 0.029762 0.044271
0 0.429422 0.209635 0.030612 0.041667
0 0.413690 0.353516 0.038265 0.061198
0 0.342262 0.194661 0.026361 0.050781
0 0.364371 0.157552 0.021259 0.041667
0 0.470663 0.218750 0.029762 0.049479
0 0.459609 0.270833 0.029762 0.057292
0 0.482568 0.026042 0.029762 0.041667
0 0.480867 0.173177 0.031463 0.041667