4 0.051871 0.565755 0.110544 0.102865
0 0.063350 0.652344 0.092687 0.106771
0 0.167092 0.643229 0.097789 0.187500
0 0.138605 0.511068 0.078231 0.087240
0 0.607993 0.309896 0.049320 0.044271
0 0.625850 0.261068 0.057823 0.045573
0 0.629677 0.150391 0.028061 0.042969
0 0.616071 0.223307 0.034864 0.029948
0 0.267007 0.536458 0.091837 0.132812
0 0.247874 0.443359 0.067177 0.079427
0 0.328656 0.389974 0.055272 0.071615
0 0.356293 0.434896 0.061224 0.080729
0 0.371599 0.343750 0.037415 0.062500
0 0.443878 0.311849 0.040816 0.092448
0 0.414541 0.270833 0.029762 0.044271
0 0.427721 0.212240 0.030612 0.041667
0 0.413690 0.354818 0.038265 0.061198
0 0.342262 0.194661 0.026361 0.050781
0 0.365221 0.157552 0.021259 0.041667
0 0.471514 0.218750 0.029762 0.049479
0 0.458759 0.269531 0.029762 0.057292
0 0.485119 0.023438 0.029762 0.041667
0 0.480017 0.174479 0.031463 0.041667
0 0.301871 0.331380 0.059524 0.063802