4 0.052721 0.565755 0.110544 0.102865
0 0.061650 0.649740 0.092687 0.106771
0 0.159014 0.656901 0.102041 0.165365
0 0.137755 0.514974 0.088435 0.095052
0 0.607143 0.307943 0.051020 0.045573
0 0.625000 0.261068 0.057823 0.045573
0 0.631378 0.161458 0.028061 0.036458
0 0.616071 0.222005 0.034864 0.029948
0 0.263605 0.537760 0.091837 0.132812
0 0.247874 0.440755 0.067177 0.079427
0 0.327806 0.389974 0.055272 0.071615
0 0.354592 0.434896 0.061224 0.080729
0 0.373299 0.343750 0.037415 0.062500
0 0.443878 0.311849 0.040816 0.092448
0 0.418793 0.272786 0.029762 0.048177
0 0.434949 0.218750 0.031463 0.049479
0 0.412840 0.352214 0.038265 0.061198
0 0.342262 0.193359 0.026361 0.050781
0 0.365221 0.157552 0.021259 0.041667
0 0.469813 0.218750 0.029762 0.049479
0 0.457908 0.270833 0.029762 0.057292
0 0.480017 0.175781 0.031463 0.041667
0 0.310374 0.319661 0.059524 0.063802
0 0.487670 0.123698 0.026361 0.052083
0 0.491071 0.068359 0.022959 0.035156
0 0.597789 0.134766 0.020408 0.050781