4 0.052721 0.565755 0.110544 0.102865
0 0.060799 0.651042 0.092687 0.106771
0 0.157313 0.659505 0.102041 0.165365
0 0.133929 0.515625 0.084184 0.091146
0 0.606293 0.308594 0.049320 0.044271
0 0.625000 0.261068 0.057823 0.045573
0 0.631378 0.162760 0.028061 0.036458
0 0.615221 0.223307 0.034864 0.029948
0 0.261054 0.540365 0.091837 0.132812
0 0.247874 0.440755 0.067177 0.079427
0 0.328656 0.389974 0.055272 0.071615
0 0.354592 0.433594 0.061224 0.080729
0 0.372449 0.345052 0.037415 0.062500
0 0.443027 0.313151 0.040816 0.092448
0 0.419643 0.272786 0.029762 0.048177
0 0.434949 0.220052 0.031463 0.049479
0 0.412840 0.353516 0.038265 0.061198
0 0.341412 0.194661 0.026361 0.050781
0 0.365221 0.157552 0.021259 0.041667
0 0.469813 0.218750 0.029762 0.049479
0 0.457908 0.270833 0.029762 0.057292
0 0.480867 0.178385 0.031463 0.041667
0 0.318878 0.309245 0.059524 0.063802
0 0.486395 0.127604 0.028912 0.057292
0 0.491922 0.067057 0.022959 0.035156
0 0.594388 0.138672 0.020408 0.050781