4 0.052721 0.565755 0.110544 0.102865
0 0.060799 0.651042 0.092687 0.106771
0 0.156463 0.659505 0.102041 0.165365
0 0.134779 0.516927 0.084184 0.091146
0 0.607143 0.309896 0.049320 0.044271
0 0.624150 0.261068 0.057823 0.045573
0 0.631378 0.162760 0.028061 0.036458
0 0.615221 0.223307 0.034864 0.029948
0 0.260204 0.540365 0.091837 0.132812
0 0.247874 0.442057 0.067177 0.079427
0 0.328656 0.389974 0.055272 0.071615
0 0.354592 0.434896 0.061224 0.080729
0 0.372449 0.342448 0.037415 0.062500
0 0.443027 0.310547 0.040816 0.092448
0 0.419643 0.272786 0.029762 0.048177
0 0.434099 0.218750 0.031463 0.049479
0 0.413690 0.352214 0.038265 0.061198
0 0.342262 0.194661 0.026361 0.050781
0 0.365221 0.157552 0.021259 0.041667
0 0.469813 0.220052 0.029762 0.049479
0 0.457908 0.272135 0.029762 0.057292
0 0.480017 0.178385 0.031463 0.041667
0 0.318878 0.310547 0.059524 0.063802
0 0.485544 0.128906 0.028912 0.057292
0 0.491497 0.069010 0.023810 0.036458
0 0.595238 0.137370 0.020408 0.050781