4 0.053571 0.564453 0.110544 0.102865
0 0.061650 0.652344 0.092687 0.106771
0 0.150935 0.667318 0.106293 0.160156
0 0.129252 0.516927 0.079932 0.085938
0 0.606293 0.308594 0.049320 0.044271
0 0.625000 0.261068 0.057823 0.045573
0 0.632228 0.161458 0.028061 0.036458
0 0.615221 0.223307 0.034864 0.029948
0 0.256803 0.544271 0.091837 0.132812
0 0.247874 0.442057 0.067177 0.079427
0 0.327806 0.389974 0.055272 0.071615
0 0.354592 0.434896 0.061224 0.080729
0 0.373299 0.343750 0.037415 0.062500
0 0.443878 0.310547 0.040816 0.092448
0 0.418793 0.275391 0.029762 0.048177
0 0.433248 0.221354 0.031463 0.049479
0 0.413690 0.352214 0.038265 0.061198
0 0.343112 0.194661 0.026361 0.050781
0 0.364371 0.156250 0.021259 0.041667
0 0.469813 0.218750 0.029762 0.049479
0 0.458759 0.271484 0.028061 0.053385
0 0.479167 0.178385 0.031463 0.041667
0 0.334609 0.287760 0.053571 0.057292
0 0.484694 0.134115 0.028912 0.057292
0 0.490221 0.077474 0.022959 0.035156
0 0.589711 0.146484 0.024660 0.045573