4 0.051871 0.565755 0.110544 0.102865
0 0.060799 0.651042 0.092687 0.106771
0 0.149235 0.668620 0.106293 0.160156
0 0.125850 0.516927 0.079932 0.085938
0 0.607143 0.309245 0.051020 0.045573
0 0.624150 0.261068 0.057823 0.045573
0 0.632228 0.161458 0.028061 0.036458
0 0.615221 0.223307 0.034864 0.029948
0 0.255102 0.545573 0.091837 0.132812
0 0.247874 0.442057 0.067177 0.079427
0 0.327806 0.391276 0.055272 0.071615
0 0.354592 0.437500 0.061224 0.080729
0 0.371599 0.343750 0.037415 0.062500
0 0.443027 0.311849 0.040816 0.092448
0 0.417942 0.276693 0.029762 0.048177
0 0.432398 0.221354 0.031463 0.049479
0 0.413690 0.352214 0.038265 0.061198
0 0.342262 0.193359 0.026361 0.050781
0 0.364371 0.156250 0.021259 0.041667
0 0.469813 0.220052 0.029762 0.049479
0 0.458759 0.271484 0.028061 0.053385
0 0.480017 0.179688 0.031463 0.041667
0 0.344388 0.281250 0.051020 0.054688
0 0.483844 0.135417 0.028912 0.057292
0 0.490221 0.080078 0.022959 0.035156
0 0.585459 0.151693 0.024660 0.045573