4 0.052721 0.565755 0.110544 0.102865
0 0.059949 0.651042 0.092687 0.106771
0 0.148384 0.669271 0.111395 0.169271
0 0.125850 0.518229 0.079932 0.085938
0 0.607143 0.309896 0.049320 0.044271
0 0.625000 0.262370 0.057823 0.045573
0 0.632228 0.161458 0.028061 0.036458
0 0.615221 0.222005 0.034864 0.029948
0 0.255102 0.544271 0.091837 0.132812
0 0.247874 0.442057 0.067177 0.079427
0 0.326956 0.391276 0.055272 0.071615
0 0.352891 0.436198 0.061224 0.080729
0 0.371599 0.343750 0.037415 0.062500
0 0.443878 0.311849 0.040816 0.092448
0 0.417942 0.276693 0.029762 0.048177
0 0.433248 0.222656 0.031463 0.049479
0 0.412840 0.353516 0.038265 0.061198
0 0.342262 0.194661 0.026361 0.050781
0 0.365221 0.156250 0.021259 0.041667
0 0.469813 0.218750 0.029762 0.049479
0 0.457058 0.270182 0.028061 0.053385
0 0.480017 0.179688 0.031463 0.041667
0 0.344388 0.279948 0.051020 0.054688
0 0.484694 0.136719 0.028912 0.057292
0 0.490221 0.080078 0.022959 0.035156
0 0.587219 0.153021 0.031581 0.045521