4 0.051871 0.565755 0.110544 0.102865
0 0.059949 0.651042 0.092687 0.106771
0 0.135629 0.674479 0.107993 0.151042
0 0.125850 0.519531 0.079932 0.085938
0 0.607143 0.309245 0.051020 0.045573
0 0.625000 0.261068 0.057823 0.045573
0 0.632228 0.160156 0.028061 0.036458
0 0.615221 0.223307 0.034864 0.029948
0 0.253401 0.546875 0.091837 0.132812
0 0.247874 0.442057 0.067177 0.079427
0 0.326956 0.391276 0.055272 0.071615
0 0.352891 0.436198 0.061224 0.080729
0 0.373299 0.342448 0.037415 0.062500
0 0.443878 0.311849 0.040816 0.092448
0 0.417942 0.275391 0.029762 0.048177
0 0.433248 0.222656 0.031463 0.049479
0 0.413690 0.352214 0.038265 0.061198
0 0.342262 0.194661 0.026361 0.050781
0 0.365221 0.156250 0.021259 0.041667
0 0.470663 0.218750 0.029762 0.049479
0 0.457908 0.271484 0.028061 0.053385
0 0.480017 0.178385 0.031463 0.041667
0 0.351190 0.270833 0.045918 0.049479
0 0.483844 0.138021 0.028912 0.057292
0 0.489371 0.083984 0.022959 0.035156
0 0.584609 0.153646 0.031463 0.044271