4 0.051871 0.567057 0.110544 0.102865
0 0.060799 0.651042 0.092687 0.106771
0 0.134779 0.674479 0.107993 0.151042
0 0.125850 0.518229 0.079932 0.085938
0 0.607143 0.308594 0.049320 0.044271
0 0.625000 0.261068 0.057823 0.045573
0 0.632228 0.160156 0.028061 0.036458
0 0.615221 0.223307 0.034864 0.029948
0 0.253401 0.545573 0.091837 0.132812
0 0.247874 0.442057 0.067177 0.079427
0 0.327381 0.391276 0.057823 0.074219
0 0.352041 0.438802 0.061224 0.080729
0 0.373299 0.343750 0.037415 0.062500
0 0.443878 0.310547 0.040816 0.092448
0 0.417942 0.276693 0.029762 0.048177
0 0.433248 0.221354 0.031463 0.049479
0 0.412840 0.350911 0.038265 0.061198
0 0.341412 0.194661 0.026361 0.050781
0 0.365221 0.156250 0.021259 0.041667
0 0.470663 0.220052 0.029762 0.049479
0 0.457908 0.270182 0.028061 0.053385
0 0.479167 0.178385 0.031463 0.041667
0 0.351190 0.272135 0.045918 0.049479
0 0.483844 0.139323 0.028912 0.057292
0 0.489371 0.083984 0.022959 0.035156
0 0.582908 0.153646 0.031463 0.044271