4 0.051446 0.565755 0.104592 0.097656
0 0.059949 0.651042 0.092687 0.106771
0 0.136054 0.671875 0.113946 0.158854
0 0.125850 0.519531 0.079932 0.085938
0 0.607143 0.308594 0.049320 0.044271
0 0.625850 0.261068 0.057823 0.045573
0 0.632228 0.160156 0.028061 0.036458
0 0.615221 0.223307 0.034864 0.029948
0 0.253401 0.548177 0.091837 0.132812
0 0.247874 0.442057 0.067177 0.079427
0 0.327381 0.389974 0.057823 0.074219
0 0.352891 0.438802 0.061224 0.080729
0 0.373299 0.343750 0.037415 0.062500
0 0.443027 0.311849 0.040816 0.092448
0 0.418793 0.276693 0.029762 0.048177
0 0.433248 0.222656 0.031463 0.049479
0 0.412840 0.353516 0.038265 0.061198
0 0.341412 0.195964 0.026361 0.050781
0 0.365221 0.157552 0.021259 0.041667
0 0.470663 0.217448 0.029762 0.049479
0 0.458759 0.271484 0.028061 0.053385
0 0.480017 0.178385 0.031463 0.041667
0 0.351190 0.270833 0.045918 0.049479
0 0.483844 0.138021 0.028912 0.057292
0 0.490221 0.083984 0.022959 0.035156
0 0.585884 0.152995 0.034014 0.040365