4 0.051871 0.565755 0.110544 0.102865
0 0.060799 0.649740 0.092687 0.106771
0 0.136054 0.674479 0.113946 0.158854
0 0.124150 0.518229 0.079932 0.085938
0 0.606293 0.308594 0.049320 0.044271
0 0.625850 0.262370 0.057823 0.045573
0 0.632228 0.160156 0.028061 0.036458
0 0.615221 0.223307 0.034864 0.029948
0 0.254252 0.548177 0.091837 0.132812
0 0.247874 0.440755 0.067177 0.079427
0 0.327806 0.389974 0.055272 0.071615
0 0.352041 0.437500 0.061224 0.080729
0 0.373299 0.343750 0.037415 0.062500
0 0.443878 0.310547 0.040816 0.092448
0 0.418793 0.275391 0.029762 0.048177
0 0.433248 0.221354 0.031463 0.049479
0 0.413690 0.352214 0.038265 0.061198
0 0.341412 0.193359 0.026361 0.050781
0 0.365221 0.157552 0.021259 0.041667
0 0.470663 0.218750 0.029762 0.049479
0 0.458759 0.271484 0.028061 0.053385
0 0.479167 0.180990 0.031463 0.041667
0 0.351190 0.270833 0.045918 0.049479
0 0.483844 0.139323 0.028912 0.057292
0 0.489371 0.083984 0.022959 0.035156
0 0.585034 0.152995 0.034014 0.040365