4 0.051871 0.565755 0.110544 0.102865
0 0.060799 0.651042 0.092687 0.106771
0 0.133503 0.674479 0.113946 0.158854
0 0.122449 0.519531 0.079932 0.085938
0 0.607143 0.308594 0.049320 0.044271
0 0.625000 0.261068 0.057823 0.045573
0 0.632228 0.160156 0.028061 0.036458
0 0.616071 0.222005 0.034864 0.029948
0 0.252551 0.550781 0.091837 0.132812
0 0.247874 0.440755 0.067177 0.079427
0 0.327806 0.391276 0.055272 0.071615
0 0.352041 0.438802 0.061224 0.080729
0 0.373299 0.342448 0.039116 0.065104
0 0.443027 0.311849 0.040816 0.092448
0 0.417092 0.275391 0.029762 0.048177
0 0.433248 0.222656 0.031463 0.049479
0 0.413690 0.352214 0.038265 0.061198
0 0.342262 0.193359 0.026361 0.050781
0 0.365221 0.157552 0.021259 0.041667
0 0.469813 0.218750 0.029762 0.049479
0 0.457908 0.271484 0.028061 0.053385
0 0.480017 0.179688 0.031463 0.041667
0 0.357993 0.261719 0.044218 0.046875
0 0.482993 0.140625 0.028912 0.057292
0 0.489371 0.085286 0.022959 0.035156
0 0.582483 0.155599 0.034014 0.040365