4 0.051871 0.567057 0.110544 0.102865
0 0.060799 0.649740 0.092687 0.106771
0 0.132653 0.675781 0.113946 0.158854
0 0.122449 0.519531 0.079932 0.085938
0 0.607143 0.308594 0.049320 0.044271
0 0.625000 0.261068 0.057823 0.045573
0 0.632228 0.160156 0.028061 0.036458
0 0.615221 0.223958 0.036565 0.031250
0 0.250850 0.549479 0.091837 0.132812
0 0.247874 0.440755 0.067177 0.079427
0 0.326956 0.391276 0.055272 0.071615
0 0.350765 0.439453 0.063776 0.084635
0 0.373299 0.343750 0.037415 0.062500
0 0.443878 0.313151 0.040816 0.092448
0 0.417092 0.275391 0.029762 0.048177
0 0.432398 0.221354 0.031463 0.049479
0 0.413690 0.350911 0.038265 0.061198
0 0.342262 0.193359 0.026361 0.050781
0 0.365221 0.157552 0.021259 0.041667
0 0.469813 0.218750 0.029762 0.049479
0 0.458759 0.270182 0.028061 0.053385
0 0.480017 0.178385 0.031463 0.041667
0 0.357143 0.261719 0.044218 0.046875
0 0.482993 0.140625 0.028912 0.057292
0 0.490221 0.086589 0.022959 0.035156
0 0.581633 0.155599 0.034014 0.040365