4 0.051446 0.564453 0.104592 0.097656
0 0.060799 0.652344 0.092687 0.106771
0 0.133503 0.675781 0.113946 0.158854
0 0.117347 0.520833 0.079932 0.085938
0 0.606293 0.308594 0.049320 0.044271
0 0.625000 0.261068 0.057823 0.045573
0 0.631378 0.160156 0.028061 0.036458
0 0.614371 0.223958 0.036565 0.031250
0 0.245748 0.555990 0.091837 0.132812
0 0.247874 0.440755 0.067177 0.079427
0 0.326956 0.392578 0.055272 0.071615
0 0.349065 0.442057 0.063776 0.084635
0 0.372449 0.343750 0.037415 0.062500
0 0.443878 0.310547 0.040816 0.092448
0 0.417942 0.277995 0.029762 0.048177
0 0.433248 0.221354 0.031463 0.049479
0 0.411990 0.353516 0.038265 0.061198
0 0.342262 0.193359 0.026361 0.050781
0 0.364371 0.156250 0.021259 0.041667
0 0.470663 0.220052 0.029762 0.049479
0 0.457908 0.270182 0.028061 0.053385
0 0.480017 0.179688 0.031463 0.041667
0 0.369473 0.244792 0.041667 0.044271
0 0.482143 0.141927 0.028912 0.057292
0 0.488520 0.090495 0.022959 0.035156
0 0.574830 0.163411 0.035714 0.042969