4 0.051446 0.565755 0.104592 0.097656
0 0.060799 0.649740 0.092687 0.106771
0 0.116071 0.684245 0.114796 0.162760
0 0.114796 0.522135 0.079932 0.085938
0 0.606293 0.308594 0.049320 0.044271
0 0.625000 0.261068 0.057823 0.045573
0 0.633078 0.161458 0.028061 0.036458
0 0.615221 0.221354 0.036565 0.031250
0 0.243197 0.561198 0.091837 0.132812
0 0.248724 0.442057 0.067177 0.079427
0 0.327806 0.392578 0.055272 0.071615
0 0.348214 0.442057 0.063776 0.084635
0 0.372449 0.343750 0.037415 0.062500
0 0.443027 0.313151 0.040816 0.092448
0 0.416241 0.277995 0.029762 0.048177
0 0.433248 0.222656 0.031463 0.049479
0 0.411990 0.353516 0.038265 0.061198
0 0.343112 0.193359 0.026361 0.050781
0 0.364371 0.156250 0.021259 0.041667
0 0.470663 0.217448 0.029762 0.049479
0 0.458759 0.271484 0.028061 0.053385
0 0.480017 0.180990 0.031463 0.041667
0 0.371599 0.232422 0.037415 0.042969
0 0.482143 0.144531 0.028912 0.057292
0 0.488520 0.091797 0.022959 0.035156
0 0.571429 0.166016 0.035714 0.042969