4 0.052296 0.565755 0.104592 0.097656
0 0.060799 0.651042 0.092687 0.106771
0 0.115221 0.686849 0.114796 0.162760
0 0.114796 0.522135 0.079932 0.085938
0 0.606293 0.307943 0.051020 0.045573
0 0.625850 0.261068 0.057823 0.045573
0 0.631378 0.160156 0.028061 0.036458
0 0.615221 0.222656 0.036565 0.031250
0 0.242347 0.561198 0.091837 0.132812
0 0.247024 0.442057 0.067177 0.079427
0 0.326105 0.391276 0.055272 0.071615
0 0.348214 0.443359 0.063776 0.084635
0 0.372449 0.345052 0.037415 0.062500
0 0.444728 0.311849 0.040816 0.092448
0 0.417092 0.277995 0.029762 0.048177
0 0.433248 0.222656 0.031463 0.049479
0 0.411139 0.356120 0.038265 0.061198
0 0.341412 0.193359 0.026361 0.050781
0 0.364371 0.156250 0.021259 0.041667
0 0.470663 0.218750 0.029762 0.049479
0 0.458759 0.270182 0.028061 0.053385
0 0.479167 0.179688 0.031463 0.041667
0 0.370748 0.232422 0.037415 0.042969
0 0.482993 0.144531 0.028912 0.057292
0 0.488520 0.093099 0.022959 0.035156
0 0.571429 0.164714 0.035714 0.042969