4 0.052296 0.564453 0.104592 0.097656
0 0.059949 0.652344 0.092687 0.106771
0 0.108418 0.693359 0.114796 0.154948
0 0.113095 0.522135 0.079932 0.085938
0 0.606293 0.307943 0.051020 0.045573
0 0.625000 0.261068 0.057823 0.045573
0 0.632228 0.161458 0.028061 0.036458
0 0.615221 0.222656 0.036565 0.031250
0 0.240646 0.566406 0.091837 0.132812
0 0.247874 0.440755 0.067177 0.079427
0 0.327806 0.392578 0.055272 0.071615
0 0.347364 0.444661 0.063776 0.084635
0 0.371599 0.343750 0.037415 0.062500
0 0.443878 0.313151 0.040816 0.092448
0 0.416241 0.279297 0.029762 0.048177
0 0.433248 0.221354 0.031463 0.049479
0 0.411139 0.354818 0.038265 0.061198
0 0.342262 0.193359 0.026361 0.050781
0 0.365221 0.156250 0.021259 0.041667
0 0.469813 0.218750 0.029762 0.049479
0 0.457908 0.270182 0.028061 0.053385
0 0.480017 0.179688 0.031463 0.041667
0 0.374150 0.222656 0.032313 0.036458
0 0.482143 0.144531 0.028912 0.057292
0 0.487245 0.096354 0.023810 0.036458
0 0.567177 0.166016 0.035714 0.042969