4 0.052721 0.567057 0.110544 0.102865
0 0.059949 0.651042 0.092687 0.106771
0 0.104167 0.697266 0.114796 0.154948
0 0.112245 0.523438 0.079932 0.085938
0 0.607143 0.308594 0.049320 0.044271
0 0.625000 0.261068 0.057823 0.045573
0 0.632228 0.161458 0.028061 0.036458
0 0.614371 0.221354 0.036565 0.031250
0 0.235544 0.569010 0.091837 0.132812
0 0.247874 0.440755 0.067177 0.079427
0 0.327806 0.392578 0.055272 0.071615
0 0.345663 0.443359 0.063776 0.084635
0 0.372449 0.343750 0.037415 0.062500
0 0.443878 0.313151 0.040816 0.092448
0 0.417092 0.279297 0.029762 0.048177
0 0.433248 0.222656 0.031463 0.049479
0 0.410289 0.356120 0.038265 0.061198
0 0.343112 0.193359 0.026361 0.050781
0 0.365221 0.156250 0.021259 0.041667
0 0.469813 0.218750 0.029762 0.049479
0 0.457908 0.270182 0.028061 0.053385
0 0.480017 0.179688 0.031463 0.041667
0 0.382653 0.214844 0.032313 0.036458
0 0.482993 0.144531 0.028912 0.057292
0 0.484694 0.100260 0.025510 0.039062
0 0.564626 0.168620 0.035714 0.042969