4 0.051871 0.565755 0.110544 0.102865
0 0.059949 0.651042 0.092687 0.106771
0 0.093112 0.701172 0.114796 0.154948
0 0.111395 0.524740 0.079932 0.085938
0 0.606293 0.308594 0.049320 0.044271
0 0.625000 0.261068 0.057823 0.045573
0 0.632228 0.161458 0.028061 0.036458
0 0.615221 0.221354 0.036565 0.031250
0 0.235544 0.569010 0.091837 0.132812
0 0.248724 0.440755 0.067177 0.079427
0 0.326956 0.391276 0.055272 0.071615
0 0.346514 0.445964 0.063776 0.084635
0 0.372449 0.343750 0.037415 0.062500
0 0.443027 0.311849 0.040816 0.092448
0 0.416241 0.280599 0.029762 0.048177
0 0.432398 0.222656 0.031463 0.049479
0 0.409439 0.357422 0.038265 0.061198
0 0.342262 0.193359 0.026361 0.050781
0 0.364371 0.156250 0.021259 0.041667
0 0.469813 0.220052 0.029762 0.049479
0 0.458759 0.270182 0.028061 0.053385
0 0.480017 0.180990 0.031463 0.041667
0 0.382653 0.213542 0.034014 0.039062
0 0.482143 0.144531 0.028912 0.057292
0 0.485544 0.101562 0.025510 0.039062
0 0.563776 0.169922 0.035714 0.042969