4 0.052721 0.565755 0.110544 0.102865
0 0.059949 0.648438 0.092687 0.106771
0 0.085459 0.706380 0.114796 0.154948
0 0.109694 0.524740 0.079932 0.085938
0 0.606293 0.308594 0.049320 0.044271
0 0.625850 0.261068 0.057823 0.045573
0 0.631378 0.160156 0.028061 0.036458
0 0.615221 0.221354 0.036565 0.031250
0 0.231293 0.572917 0.091837 0.132812
0 0.247874 0.440755 0.067177 0.079427
0 0.327806 0.391276 0.055272 0.071615
0 0.346514 0.447266 0.063776 0.084635
0 0.371599 0.343750 0.037415 0.062500
0 0.443027 0.310547 0.040816 0.092448
0 0.415391 0.279297 0.029762 0.048177
0 0.432398 0.223958 0.031463 0.049479
0 0.408588 0.358724 0.038265 0.061198
0 0.343112 0.193359 0.026361 0.050781
0 0.364371 0.156250 0.021259 0.041667
0 0.469813 0.220052 0.029762 0.049479
0 0.457908 0.270182 0.028061 0.053385
0 0.479167 0.180990 0.031463 0.041667
0 0.386054 0.207031 0.034014 0.039062
0 0.482568 0.147135 0.028061 0.054688
0 0.484269 0.102214 0.026361 0.040365
0 0.560374 0.173828 0.035714 0.042969