4 0.051871 0.565755 0.110544 0.102865
0 0.059949 0.651042 0.092687 0.106771
0 0.082908 0.710286 0.114796 0.154948
0 0.106293 0.526042 0.079932 0.085938
0 0.607143 0.309896 0.049320 0.044271
0 0.625850 0.261068 0.057823 0.045573
0 0.631378 0.160156 0.028061 0.036458
0 0.615221 0.222656 0.036565 0.031250
0 0.227466 0.577474 0.096088 0.139323
0 0.247874 0.440755 0.067177 0.079427
0 0.326956 0.391276 0.055272 0.071615
0 0.343963 0.447266 0.063776 0.084635
0 0.372449 0.343750 0.037415 0.062500
0 0.443878 0.311849 0.040816 0.092448
0 0.416241 0.280599 0.029762 0.048177
0 0.433248 0.222656 0.031463 0.049479
0 0.408588 0.360026 0.038265 0.061198
0 0.342262 0.194661 0.026361 0.050781
0 0.365221 0.154948 0.021259 0.041667
0 0.470663 0.218750 0.029762 0.049479
0 0.457908 0.270182 0.028061 0.053385
0 0.479167 0.180990 0.031463 0.041667
0 0.391156 0.199219 0.034014 0.039062
0 0.481293 0.147135 0.028912 0.057292
0 0.481718 0.106120 0.026361 0.040365
0 0.556973 0.176432 0.037415 0.045573