4 0.051871 0.565755 0.110544 0.102865
0 0.059099 0.649740 0.092687 0.106771
0 0.082058 0.710286 0.114796 0.154948
0 0.107143 0.523438 0.079932 0.085938
0 0.611395 0.314453 0.054422 0.048177
0 0.625000 0.261068 0.057823 0.045573
0 0.630527 0.158854 0.028061 0.036458
0 0.615221 0.220052 0.036565 0.031250
0 0.226616 0.577474 0.096088 0.139323
0 0.251276 0.451172 0.068878 0.089844
0 0.326105 0.391276 0.055272 0.071615
0 0.334609 0.460286 0.063776 0.087240
0 0.371599 0.342448 0.037415 0.062500
0 0.449830 0.311198 0.040816 0.083333
0 0.416241 0.280599 0.029762 0.048177
0 0.432398 0.222656 0.031463 0.049479
0 0.411139 0.373047 0.041667 0.066406
0 0.341412 0.194661 0.026361 0.050781
0 0.365221 0.153646 0.021259 0.041667
0 0.469813 0.220052 0.029762 0.049479
0 0.458759 0.271484 0.028061 0.053385
0 0.480867 0.179688 0.031463 0.041667
0 0.389456 0.197917 0.034014 0.039062
0 0.480442 0.145833 0.028912 0.057292
0 0.480867 0.104818 0.026361 0.040365
0 0.556973 0.172526 0.037415 0.045573