4 0.051020 0.565755 0.110544 0.102865
0 0.059099 0.649740 0.092687 0.106771
0 0.079507 0.710286 0.114796 0.154948
0 0.104592 0.523438 0.079932 0.085938
0 0.610544 0.315755 0.054422 0.048177
0 0.625850 0.261068 0.057823 0.045573
0 0.630527 0.160156 0.028061 0.036458
0 0.614371 0.220052 0.036565 0.031250
0 0.222364 0.582682 0.096088 0.139323
0 0.250425 0.451172 0.068878 0.089844
0 0.326105 0.391276 0.055272 0.071615
0 0.333759 0.461589 0.063776 0.087240
0 0.371599 0.343750 0.037415 0.062500
0 0.448980 0.311198 0.040816 0.083333
0 0.415391 0.283203 0.029762 0.048177
0 0.432398 0.222656 0.031463 0.049479
0 0.409439 0.375651 0.041667 0.066406
0 0.342262 0.194661 0.026361 0.050781
0 0.365221 0.154948 0.021259 0.041667
0 0.470663 0.218750 0.029762 0.049479
0 0.457908 0.271484 0.028061 0.053385
0 0.480867 0.179688 0.031463 0.041667
0 0.392857 0.190104 0.034014 0.039062
0 0.480442 0.148438 0.028912 0.057292
0 0.478316 0.107422 0.026361 0.040365
0 0.554422 0.177734 0.037415 0.045573