4 0.051020 0.565755 0.110544 0.102865
0 0.058248 0.649740 0.092687 0.106771
0 0.077806 0.712891 0.114796 0.154948
0 0.102466 0.523438 0.075680 0.080729
0 0.612245 0.313151 0.054422 0.048177
0 0.625850 0.261068 0.057823 0.045573
0 0.631378 0.160156 0.028061 0.036458
0 0.614371 0.220052 0.036565 0.031250
0 0.218963 0.586589 0.096088 0.139323
0 0.250425 0.449870 0.068878 0.089844
0 0.326105 0.391276 0.055272 0.071615
0 0.332908 0.462891 0.063776 0.087240
0 0.371599 0.345052 0.037415 0.062500
0 0.449830 0.309896 0.040816 0.083333
0 0.415391 0.281901 0.029762 0.048177
0 0.432398 0.225260 0.031463 0.049479
0 0.408588 0.376953 0.041667 0.066406
0 0.342262 0.194661 0.026361 0.050781
0 0.364371 0.154948 0.021259 0.041667
0 0.468963 0.217448 0.029762 0.049479
0 0.457908 0.271484 0.028061 0.053385
0 0.480017 0.179688 0.031463 0.041667
0 0.396259 0.182292 0.032313 0.036458
0 0.480442 0.149740 0.028912 0.057292
0 0.477466 0.108724 0.024660 0.037760
0 0.551020 0.180339 0.037415 0.045573