4 0.051020 0.564453 0.110544 0.102865
0 0.058248 0.651042 0.092687 0.106771
0 0.077806 0.714193 0.114796 0.154948
0 0.099915 0.526693 0.072279 0.076823
0 0.612245 0.315755 0.054422 0.048177
0 0.625000 0.261068 0.057823 0.045573
0 0.631378 0.161458 0.028061 0.036458
0 0.614371 0.220052 0.036565 0.031250
0 0.215561 0.589193 0.096088 0.139323
0 0.250425 0.449870 0.068878 0.089844
0 0.326105 0.389974 0.055272 0.071615
0 0.332058 0.462891 0.063776 0.087240
0 0.371599 0.343750 0.037415 0.062500
0 0.448980 0.309896 0.040816 0.083333
0 0.416241 0.280599 0.029762 0.048177
0 0.431548 0.225260 0.031463 0.049479
0 0.406888 0.380859 0.041667 0.066406
0 0.342262 0.194661 0.026361 0.050781
0 0.364371 0.154948 0.021259 0.041667
0 0.470663 0.218750 0.029762 0.049479
0 0.457908 0.271484 0.028061 0.053385
0 0.480017 0.179688 0.031463 0.041667
0 0.398810 0.174479 0.034014 0.039062
0 0.481293 0.151042 0.028912 0.057292
0 0.473214 0.112630 0.026361 0.040365
0 0.548469 0.184245 0.037415 0.045573