4 0.050170 0.564453 0.110544 0.102865
0 0.058248 0.649740 0.092687 0.106771
0 0.077806 0.714193 0.114796 0.154948
0 0.099065 0.526693 0.072279 0.076823
0 0.612245 0.314453 0.054422 0.048177
0 0.625000 0.261068 0.057823 0.045573
0 0.631378 0.161458 0.028061 0.036458
0 0.614371 0.220052 0.036565 0.031250
0 0.216412 0.590495 0.096088 0.139323
0 0.250425 0.449870 0.068878 0.089844
0 0.325255 0.391276 0.055272 0.071615
0 0.331207 0.465495 0.063776 0.087240
0 0.371599 0.343750 0.037415 0.062500
0 0.448129 0.309896 0.042517 0.088542
0 0.416241 0.281901 0.029762 0.048177
0 0.431548 0.226562 0.031463 0.049479
0 0.406888 0.382161 0.041667 0.066406
0 0.343112 0.195964 0.026361 0.050781
0 0.364371 0.152344 0.021259 0.041667
0 0.470663 0.218750 0.029762 0.049479
0 0.457908 0.271484 0.028061 0.053385
0 0.479167 0.180990 0.031463 0.041667
0 0.398810 0.173177 0.034014 0.039062
0 0.481293 0.151042 0.028912 0.057292
0 0.473214 0.113932 0.026361 0.040365
0 0.547619 0.186849 0.037415 0.045573