4 0.050170 0.564453 0.110544 0.102865
0 0.058248 0.651042 0.092687 0.106771
0 0.077806 0.714193 0.114796 0.154948
0 0.098214 0.525391 0.072279 0.076823
0 0.612245 0.313151 0.054422 0.048177
0 0.625000 0.261068 0.057823 0.045573
0 0.631378 0.161458 0.028061 0.036458
0 0.614371 0.220052 0.036565 0.031250
0 0.213861 0.590495 0.096088 0.139323
0 0.250425 0.451172 0.068878 0.089844
0 0.325255 0.391276 0.055272 0.071615
0 0.330782 0.464844 0.066327 0.091146
0 0.371599 0.343750 0.037415 0.062500
0 0.448980 0.311198 0.042517 0.088542
0 0.415391 0.281901 0.029762 0.048177
0 0.433248 0.226562 0.031463 0.049479
0 0.406037 0.386068 0.041667 0.066406
0 0.343112 0.194661 0.026361 0.050781
0 0.364371 0.153646 0.021259 0.041667
0 0.470663 0.217448 0.029762 0.049479
0 0.457058 0.271484 0.028061 0.053385
0 0.479167 0.180990 0.031463 0.041667
0 0.402211 0.166667 0.032313 0.036458
0 0.482143 0.149740 0.028912 0.057292
0 0.471514 0.113932 0.026361 0.040365
0 0.545068 0.188151 0.037415 0.045573