4 0.050170 0.565755 0.110544 0.102865
0 0.058248 0.651042 0.092687 0.106771
0 0.078656 0.714193 0.114796 0.154948
0 0.099065 0.527995 0.072279 0.076823
0 0.612245 0.314453 0.054422 0.048177
0 0.625000 0.262370 0.057823 0.045573
0 0.632228 0.160156 0.028061 0.036458
0 0.613520 0.221354 0.036565 0.031250
0 0.213010 0.593099 0.096088 0.139323
0 0.250425 0.451172 0.068878 0.089844
0 0.325255 0.391276 0.055272 0.071615
0 0.329932 0.464844 0.066327 0.091146
0 0.372449 0.343750 0.037415 0.062500
0 0.449830 0.311198 0.042517 0.088542
0 0.415391 0.281901 0.029762 0.048177
0 0.433248 0.226562 0.031463 0.049479
0 0.405187 0.384766 0.041667 0.066406
0 0.342262 0.194661 0.026361 0.050781
0 0.365221 0.153646 0.021259 0.041667
0 0.470663 0.217448 0.029762 0.049479
0 0.458759 0.272786 0.028061 0.053385
0 0.480017 0.180990 0.031463 0.041667
0 0.403061 0.166667 0.032313 0.036458
0 0.480442 0.149089 0.027211 0.053385
0 0.470663 0.115234 0.026361 0.040365
0 0.545068 0.190755 0.037415 0.045573