4 0.050170 0.565755 0.110544 0.102865
0 0.058248 0.649740 0.092687 0.106771
0 0.077806 0.715495 0.114796 0.154948
0 0.093112 0.529297 0.062075 0.066406
0 0.612245 0.315755 0.054422 0.048177
0 0.624150 0.261068 0.057823 0.045573
0 0.633078 0.160156 0.028061 0.036458
0 0.614371 0.220052 0.036565 0.031250
0 0.207908 0.598307 0.096088 0.139323
0 0.251276 0.451172 0.068878 0.089844
0 0.325680 0.391276 0.057823 0.074219
0 0.329082 0.465495 0.069728 0.095052
0 0.372449 0.343750 0.037415 0.062500
0 0.448980 0.311198 0.042517 0.088542
0 0.416241 0.281901 0.029762 0.048177
0 0.431548 0.226562 0.031463 0.049479
0 0.400085 0.388672 0.041667 0.066406
0 0.341412 0.195964 0.026361 0.050781
0 0.365221 0.153646 0.021259 0.041667
0 0.469813 0.217448 0.029762 0.049479
0 0.458759 0.272786 0.028061 0.053385
0 0.480017 0.182292 0.031463 0.041667
0 0.406463 0.152344 0.032313 0.036458
0 0.481293 0.151042 0.028912 0.057292
0 0.465561 0.119141 0.026361 0.040365
0 0.537415 0.201172 0.037415 0.045573