4 0.051020 0.565755 0.110544 0.102865
0 0.059099 0.652344 0.092687 0.106771
0 0.077806 0.714193 0.114796 0.154948
0 0.611395 0.314453 0.054422 0.048177
0 0.625000 0.261068 0.057823 0.045573
0 0.632228 0.161458 0.028061 0.036458
0 0.613520 0.220052 0.036565 0.031250
0 0.205357 0.599609 0.096088 0.139323
0 0.249575 0.451172 0.068878 0.089844
0 0.325255 0.391276 0.055272 0.071615
0 0.328231 0.469401 0.073129 0.100260
0 0.373299 0.345052 0.037415 0.062500
0 0.448129 0.309896 0.040816 0.083333
0 0.415391 0.280599 0.029762 0.048177
0 0.431548 0.226562 0.031463 0.049479
0 0.398384 0.392578 0.043367 0.069010
0 0.342262 0.193359 0.026361 0.050781
0 0.364371 0.153646 0.021259 0.041667
0 0.470663 0.217448 0.029762 0.049479
0 0.457908 0.271484 0.028061 0.053385
0 0.480867 0.180990 0.031463 0.041667
0 0.409014 0.144531 0.032313 0.036458
0 0.480442 0.151042 0.028912 0.057292
0 0.463010 0.123047 0.026361 0.040365
0 0.534864 0.209635 0.039116 0.046875