4 0.050170 0.567057 0.110544 0.102865
0 0.059099 0.651042 0.092687 0.106771
0 0.077806 0.714193 0.114796 0.154948
0 0.612245 0.315755 0.054422 0.048177
0 0.625000 0.261068 0.057823 0.045573
0 0.631378 0.161458 0.028061 0.036458
0 0.615221 0.219401 0.038265 0.032552
0 0.203656 0.602214 0.096088 0.139323
0 0.250425 0.449870 0.068878 0.089844
0 0.325255 0.391276 0.055272 0.071615
0 0.325680 0.470703 0.073129 0.100260
0 0.373299 0.343750 0.037415 0.062500
0 0.449830 0.311198 0.042517 0.088542
0 0.415391 0.280599 0.029762 0.048177
0 0.432398 0.227865 0.031463 0.049479
0 0.390731 0.400391 0.043367 0.069010
0 0.342262 0.194661 0.026361 0.050781
0 0.365221 0.153646 0.021259 0.041667
0 0.470663 0.217448 0.029762 0.049479
0 0.458333 0.271484 0.028912 0.055990
0 0.480017 0.179688 0.031463 0.041667
0 0.412415 0.134115 0.027211 0.031250
0 0.481293 0.152344 0.028912 0.057292
0 0.457908 0.126953 0.024660 0.037760
0 0.532313 0.222656 0.040816 0.049479