4 0.050170 0.565755 0.110544 0.102865
0 0.058248 0.651042 0.092687 0.106771
0 0.077806 0.715495 0.114796 0.154948
0 0.612245 0.314453 0.054422 0.048177
0 0.625000 0.261068 0.057823 0.045573
0 0.631378 0.161458 0.028061 0.036458
0 0.614371 0.220703 0.038265 0.032552
0 0.202806 0.603516 0.096088 0.139323
0 0.251276 0.449870 0.068878 0.089844
0 0.325255 0.391276 0.055272 0.071615
0 0.324830 0.472005 0.073129 0.100260
0 0.373299 0.342448 0.037415 0.062500
0 0.448129 0.311198 0.040816 0.083333
0 0.415391 0.281901 0.029762 0.048177
0 0.432398 0.227865 0.031463 0.049479
0 0.388180 0.405599 0.043367 0.069010
0 0.342262 0.194661 0.026361 0.050781
0 0.365221 0.153646 0.021259 0.041667
0 0.470663 0.217448 0.029762 0.049479
0 0.458333 0.270182 0.028912 0.055990
0 0.480017 0.180990 0.031463 0.041667
0 0.415391 0.125651 0.026361 0.029948
0 0.480442 0.152344 0.028912 0.057292
0 0.456207 0.132161 0.026361 0.040365
0 0.526276 0.236419 0.037313 0.061379