4 0.051020 0.567057 0.110544 0.102865
0 0.058248 0.651042 0.092687 0.106771
0 0.078656 0.715495 0.114796 0.154948
0 0.612245 0.314453 0.054422 0.048177
0 0.625000 0.261068 0.057823 0.045573
0 0.631378 0.161458 0.028061 0.036458
0 0.614371 0.222005 0.038265 0.032552
0 0.201956 0.602214 0.096088 0.139323
0 0.250425 0.449870 0.068878 0.089844
0 0.325255 0.391276 0.055272 0.071615
0 0.324830 0.472005 0.073129 0.100260
0 0.373299 0.343750 0.037415 0.062500
0 0.448980 0.312500 0.040816 0.083333
0 0.415391 0.281901 0.029762 0.048177
0 0.431548 0.227865 0.031463 0.049479
0 0.388180 0.405599 0.043367 0.069010
0 0.342262 0.193359 0.026361 0.050781
0 0.365221 0.153646 0.021259 0.041667
0 0.470663 0.218750 0.029762 0.049479
0 0.458333 0.271484 0.028912 0.055990
0 0.480017 0.179688 0.031463 0.041667
0 0.414541 0.125651 0.026361 0.029948
0 0.480442 0.152344 0.028912 0.057292
0 0.457058 0.132161 0.026361 0.040365
0 0.525085 0.235026 0.036565 0.061198