4 0.051020 0.565755 0.110544 0.102865
0 0.059099 0.651042 0.092687 0.106771
0 0.078656 0.714193 0.114796 0.154948
0 0.610544 0.315755 0.054422 0.048177
0 0.625000 0.261068 0.057823 0.045573
0 0.632228 0.161458 0.028061 0.036458
0 0.614371 0.222005 0.038265 0.032552
0 0.200255 0.606120 0.096088 0.139323
0 0.250425 0.451172 0.068878 0.089844
0 0.326105 0.391276 0.055272 0.071615
0 0.323129 0.473307 0.073129 0.100260
0 0.372449 0.343750 0.037415 0.062500
0 0.446429 0.313802 0.042517 0.088542
0 0.416241 0.281901 0.029762 0.048177
0 0.432398 0.227865 0.031463 0.049479
0 0.385629 0.408203 0.043367 0.069010
0 0.341412 0.193359 0.026361 0.050781
0 0.365221 0.153646 0.021259 0.041667
0 0.469813 0.218750 0.029762 0.049479
0 0.458333 0.271484 0.028912 0.055990
0 0.480017 0.180990 0.031463 0.041667
0 0.418367 0.116536 0.028912 0.032552
0 0.480442 0.153646 0.028912 0.057292
0 0.453656 0.137370 0.024660 0.037760
0 0.523384 0.255859 0.036565 0.061198