4 0.050170 0.565755 0.110544 0.102865
0 0.058248 0.651042 0.092687 0.106771
0 0.077806 0.714193 0.114796 0.154948
0 0.611395 0.314453 0.054422 0.048177
0 0.624150 0.261068 0.057823 0.045573
0 0.632228 0.158854 0.028061 0.036458
0 0.614371 0.220703 0.038265 0.032552
0 0.198554 0.606120 0.096088 0.139323
0 0.251276 0.449870 0.068878 0.089844
0 0.326105 0.391276 0.055272 0.071615
0 0.322279 0.473307 0.073129 0.100260
0 0.372449 0.345052 0.037415 0.062500
0 0.447279 0.313802 0.042517 0.088542
0 0.415391 0.280599 0.029762 0.048177
0 0.431548 0.227865 0.031463 0.049479
0 0.383929 0.410807 0.043367 0.069010
0 0.342262 0.195964 0.026361 0.050781
0 0.365221 0.153646 0.021259 0.041667
0 0.468963 0.217448 0.029762 0.049479
0 0.457483 0.271484 0.028912 0.055990
0 0.480867 0.180990 0.031463 0.041667
0 0.421769 0.112630 0.030612 0.035156
0 0.480442 0.152344 0.028912 0.057292
0 0.451105 0.141276 0.024660 0.037760
0 0.520833 0.264974 0.036565 0.061198