4 0.063776 0.581380 0.113946 0.102865
0 0.058248 0.651042 0.092687 0.106771
0 0.078656 0.715495 0.114796 0.154948
0 0.610544 0.313151 0.054422 0.048177
0 0.624150 0.259766 0.057823 0.045573
0 0.631378 0.158854 0.028061 0.036458
0 0.614371 0.220703 0.038265 0.032552
0 0.197704 0.607422 0.096088 0.139323
0 0.250425 0.448568 0.068878 0.089844
0 0.326105 0.389974 0.055272 0.071615
0 0.322279 0.473307 0.073129 0.100260
0 0.371599 0.342448 0.039116 0.065104
0 0.445578 0.315104 0.042517 0.088542
0 0.415391 0.280599 0.029762 0.048177
0 0.431548 0.226562 0.031463 0.049479
0 0.381803 0.411458 0.045918 0.072917
0 0.341412 0.193359 0.026361 0.050781
0 0.364371 0.153646 0.021259 0.041667
0 0.470663 0.218750 0.029762 0.049479
0 0.456633 0.270182 0.028912 0.055990
0 0.480867 0.179688 0.031463 0.041667
0 0.422619 0.106120 0.030612 0.035156
0 0.480442 0.153646 0.028912 0.057292
0 0.449405 0.142578 0.024660 0.037760
0 0.519983 0.275391 0.036565 0.061198