4 0.063776 0.583984 0.113946 0.102865
0 0.057398 0.651042 0.092687 0.106771
0 0.078656 0.715495 0.114796 0.154948
0 0.611395 0.313151 0.054422 0.048177
0 0.625000 0.258464 0.057823 0.045573
0 0.630527 0.160156 0.028061 0.036458
0 0.614371 0.222005 0.038265 0.032552
0 0.196003 0.608724 0.096088 0.139323
0 0.249575 0.448568 0.068878 0.089844
0 0.326956 0.391276 0.055272 0.071615
0 0.321429 0.473307 0.073129 0.100260
0 0.375850 0.342448 0.049320 0.065104
0 0.443027 0.322917 0.042517 0.088542
0 0.414541 0.281901 0.029762 0.048177
0 0.430697 0.226562 0.031463 0.049479
0 0.382653 0.412760 0.045918 0.072917
0 0.341412 0.193359 0.026361 0.050781
0 0.364371 0.153646 0.021259 0.041667
0 0.470663 0.218750 0.029762 0.049479
0 0.456633 0.270182 0.028912 0.055990
0 0.480867 0.179688 0.031463 0.041667
0 0.421769 0.104818 0.030612 0.035156
0 0.479592 0.153646 0.028912 0.057292
0 0.448554 0.143880 0.024660 0.037760
0 0.519133 0.274089 0.036565 0.061198