4 0.063776 0.583984 0.113946 0.102865
0 0.058248 0.652344 0.092687 0.106771
0 0.079507 0.715495 0.114796 0.154948
0 0.610544 0.311849 0.054422 0.048177
0 0.625000 0.258464 0.057823 0.045573
0 0.631378 0.161458 0.028061 0.036458
0 0.614371 0.223307 0.038265 0.032552
0 0.195153 0.608724 0.096088 0.139323
0 0.250425 0.448568 0.068878 0.089844
0 0.326956 0.389974 0.055272 0.071615
0 0.321429 0.473307 0.073129 0.100260
0 0.377551 0.341146 0.049320 0.065104
0 0.440476 0.330729 0.042517 0.088542
0 0.414541 0.281901 0.029762 0.048177
0 0.431548 0.225260 0.031463 0.049479
0 0.380952 0.414062 0.045918 0.072917
0 0.342262 0.193359 0.026361 0.050781
0 0.364371 0.154948 0.021259 0.041667
0 0.470663 0.217448 0.029762 0.049479
0 0.457483 0.268880 0.028912 0.055990
0 0.480867 0.180990 0.031463 0.041667
0 0.428571 0.091797 0.030612 0.035156
0 0.479592 0.153646 0.028912 0.057292
0 0.446003 0.151693 0.024660 0.037760
0 0.512330 0.304623 0.036565 0.067838