4 0.062925 0.583984 0.113946 0.102865
0 0.058248 0.652344 0.092687 0.106771
0 0.078656 0.715495 0.114796 0.154948
0 0.610544 0.311849 0.054422 0.048177
0 0.625000 0.258464 0.057823 0.045573
0 0.631378 0.161458 0.028061 0.036458
0 0.615221 0.222005 0.038265 0.032552
0 0.196003 0.608724 0.096088 0.139323
0 0.250425 0.448568 0.068878 0.089844
0 0.326956 0.389974 0.055272 0.071615
0 0.321429 0.473307 0.073129 0.100260
0 0.377551 0.341146 0.049320 0.065104
0 0.441327 0.330078 0.044218 0.092448
0 0.415391 0.281901 0.029762 0.048177
0 0.431548 0.226562 0.031463 0.049479
0 0.381803 0.412760 0.045918 0.072917
0 0.342262 0.193359 0.026361 0.050781
0 0.365221 0.154948 0.021259 0.041667
0 0.469813 0.217448 0.029762 0.049479
0 0.457483 0.271484 0.028912 0.055990
0 0.480867 0.180990 0.031463 0.041667
0 0.427721 0.093099 0.030612 0.035156
0 0.478741 0.152995 0.027211 0.053385
0 0.446854 0.152995 0.024660 0.037760
0 0.511480 0.303385 0.036565 0.067708