4 0.063350 0.585286 0.107993 0.097656
0 0.058248 0.651042 0.092687 0.106771
0 0.078656 0.714193 0.114796 0.154948
0 0.611395 0.311849 0.054422 0.048177
0 0.624150 0.258464 0.057823 0.045573
0 0.631378 0.160156 0.028061 0.036458
0 0.613946 0.220703 0.035714 0.029948
0 0.196003 0.607422 0.096088 0.139323
0 0.249575 0.448568 0.068878 0.089844
0 0.326105 0.389974 0.055272 0.071615
0 0.321429 0.472005 0.073129 0.100260
0 0.376701 0.342448 0.049320 0.065104
0 0.440051 0.333333 0.046769 0.096354
0 0.414541 0.283203 0.029762 0.048177
0 0.431548 0.225260 0.031463 0.049479
0 0.382653 0.412760 0.045918 0.072917
0 0.343112 0.194661 0.026361 0.050781
0 0.365221 0.153646 0.021259 0.041667
0 0.470663 0.218750 0.029762 0.049479
0 0.458333 0.270182 0.028912 0.055990
0 0.480017 0.179688 0.031463 0.041667
0 0.430272 0.086589 0.030612 0.035156
0 0.479592 0.153646 0.028912 0.057292
0 0.445578 0.154948 0.025510 0.039062
0 0.508503 0.314453 0.034014 0.063802