4 0.064201 0.585286 0.107993 0.097656
0 0.058248 0.652344 0.092687 0.106771
0 0.077806 0.715495 0.114796 0.154948
0 0.611395 0.313151 0.054422 0.048177
0 0.625850 0.258464 0.057823 0.045573
0 0.631378 0.160156 0.028061 0.036458
0 0.613946 0.222005 0.035714 0.029948
0 0.195153 0.608724 0.096088 0.139323
0 0.249575 0.447266 0.068878 0.089844
0 0.326956 0.389974 0.055272 0.071615
0 0.322279 0.474609 0.073129 0.100260
0 0.376701 0.341146 0.049320 0.065104
0 0.432398 0.336589 0.041667 0.082031
0 0.414541 0.281901 0.029762 0.048177
0 0.430697 0.225260 0.031463 0.049479
0 0.381803 0.412760 0.045918 0.072917
0 0.341412 0.194661 0.026361 0.050781
0 0.365221 0.153646 0.021259 0.041667
0 0.470663 0.220052 0.029762 0.049479
0 0.456633 0.268880 0.028912 0.055990
0 0.480867 0.178385 0.031463 0.041667
0 0.433248 0.083333 0.031463 0.036458
0 0.478741 0.152344 0.028912 0.057292
0 0.445153 0.156901 0.026361 0.040365
0 0.505952 0.328776 0.034014 0.063802