4 0.062500 0.583984 0.107993 0.097656
0 0.057398 0.652344 0.092687 0.106771
0 0.077806 0.715495 0.114796 0.154948
0 0.611395 0.313151 0.054422 0.048177
0 0.625850 0.258464 0.057823 0.045573
0 0.631378 0.160156 0.028061 0.036458
0 0.613095 0.220703 0.035714 0.029948
0 0.196003 0.608724 0.096088 0.139323
0 0.250425 0.447266 0.068878 0.089844
0 0.326956 0.389974 0.055272 0.071615
0 0.321429 0.473307 0.073129 0.100260
0 0.376701 0.341146 0.049320 0.065104
0 0.433248 0.335286 0.041667 0.082031
0 0.414541 0.281901 0.029762 0.048177
0 0.430697 0.225260 0.031463 0.049479
0 0.382653 0.412760 0.045918 0.072917
0 0.341412 0.194661 0.026361 0.050781
0 0.365221 0.153646 0.021259 0.041667
0 0.470663 0.220052 0.029762 0.049479
0 0.456633 0.268880 0.028912 0.055990
0 0.480867 0.179688 0.031463 0.041667
0 0.432823 0.083984 0.030612 0.035156
0 0.478741 0.152344 0.028912 0.057292
0 0.446003 0.155599 0.026361 0.040365
0 0.505102 0.330078 0.034014 0.063802