4 0.064201 0.583984 0.107993 0.097656
0 0.058248 0.652344 0.092687 0.106771
0 0.078656 0.716797 0.114796 0.154948
0 0.611395 0.313151 0.054422 0.048177
0 0.625000 0.258464 0.057823 0.045573
0 0.631378 0.160156 0.028061 0.036458
0 0.613946 0.220703 0.035714 0.029948
0 0.195153 0.607422 0.096088 0.139323
0 0.250425 0.448568 0.068878 0.089844
0 0.326956 0.391276 0.055272 0.071615
0 0.321429 0.473307 0.073129 0.100260
0 0.375850 0.341146 0.049320 0.065104
0 0.432398 0.337891 0.041667 0.082031
0 0.414541 0.281901 0.029762 0.048177
0 0.431548 0.226562 0.031463 0.049479
0 0.380952 0.414062 0.045918 0.072917
0 0.342262 0.193359 0.026361 0.050781
0 0.365221 0.153646 0.021259 0.041667
0 0.469813 0.217448 0.029762 0.049479
0 0.458333 0.268880 0.028912 0.055990
0 0.480867 0.179688 0.031463 0.041667
0 0.434524 0.080078 0.030612 0.035156
0 0.478741 0.153646 0.028912 0.057292
0 0.445578 0.158854 0.025510 0.039062
0 0.503827 0.339844 0.038265 0.070312
0 0.482871 0.095887 0.019080 0.033201