4 0.063350 0.583984 0.107993 0.097656
0 0.057398 0.652344 0.092687 0.106771
0 0.078656 0.712891 0.114796 0.154948
0 0.611395 0.313151 0.054422 0.048177
0 0.625000 0.258464 0.057823 0.045573
0 0.631378 0.160156 0.028061 0.036458
0 0.614371 0.222005 0.038265 0.032552
0 0.195153 0.610026 0.096088 0.139323
0 0.250425 0.448568 0.068878 0.089844
0 0.326956 0.391276 0.055272 0.071615
0 0.320578 0.474609 0.073129 0.100260
0 0.376701 0.342448 0.049320 0.065104
0 0.432398 0.337891 0.041667 0.082031
0 0.414541 0.281901 0.029762 0.048177
0 0.431548 0.226562 0.031463 0.049479
0 0.381803 0.414062 0.045918 0.072917
0 0.342262 0.193359 0.026361 0.050781
0 0.365221 0.152344 0.021259 0.041667
0 0.469813 0.217448 0.029762 0.049479
0 0.458333 0.268880 0.028912 0.055990
0 0.480867 0.179688 0.031463 0.041667
0 0.436224 0.078776 0.030612 0.035156
0 0.478741 0.153646 0.028912 0.057292
0 0.445578 0.158854 0.025510 0.039062
0 0.502126 0.340495 0.039966 0.074219
0 0.481718 0.095052 0.019558 0.033854