4 0.064201 0.585286 0.107993 0.097656
0 0.058248 0.652344 0.092687 0.106771
0 0.078656 0.714193 0.114796 0.154948
0 0.611395 0.311849 0.054422 0.048177
0 0.625000 0.258464 0.057823 0.045573
0 0.632228 0.158854 0.028061 0.036458
0 0.614796 0.222005 0.035714 0.029948
0 0.196003 0.608724 0.096088 0.139323
0 0.249575 0.448568 0.068878 0.089844
0 0.326105 0.389974 0.055272 0.071615
0 0.321429 0.473307 0.073129 0.100260
0 0.375850 0.342448 0.049320 0.065104
0 0.430697 0.337891 0.041667 0.082031
0 0.415391 0.281901 0.029762 0.048177
0 0.430697 0.226562 0.031463 0.049479
0 0.381803 0.412760 0.045918 0.072917
0 0.341412 0.193359 0.026361 0.050781
0 0.365221 0.154948 0.021259 0.041667
0 0.470663 0.217448 0.029762 0.049479
0 0.457483 0.270182 0.028912 0.055990
0 0.480867 0.180990 0.031463 0.041667
0 0.435374 0.078776 0.030612 0.035156
0 0.479592 0.152344 0.028912 0.057292
0 0.445578 0.160156 0.025510 0.039062
0 0.503827 0.343099 0.039966 0.074219
0 0.481718 0.095052 0.019558 0.033854