4 0.063350 0.583984 0.107993 0.097656
0 0.058248 0.651042 0.092687 0.106771
0 0.077806 0.715495 0.114796 0.154948
0 0.611395 0.313151 0.054422 0.048177
0 0.625000 0.258464 0.057823 0.045573
0 0.631378 0.158854 0.028061 0.036458
0 0.614371 0.222005 0.038265 0.032552
0 0.195153 0.608724 0.096088 0.139323
0 0.249575 0.448568 0.068878 0.089844
0 0.326105 0.389974 0.055272 0.071615
0 0.321429 0.474609 0.073129 0.100260
0 0.375850 0.341146 0.049320 0.065104
0 0.430697 0.339193 0.041667 0.082031
0 0.415391 0.283203 0.029762 0.048177
0 0.431548 0.225260 0.031463 0.049479
0 0.382653 0.414062 0.045918 0.072917
0 0.341412 0.193359 0.026361 0.050781
0 0.365221 0.154948 0.021259 0.041667
0 0.471514 0.218750 0.029762 0.049479
0 0.457483 0.270182 0.028912 0.055990
0 0.480867 0.180990 0.031463 0.041667
0 0.436650 0.075521 0.031463 0.036458
0 0.478741 0.152344 0.028912 0.057292
0 0.445153 0.160807 0.026361 0.040365
0 0.501276 0.356120 0.039966 0.074219
0 0.483418 0.097656 0.019558 0.033854