4 0.063350 0.583984 0.107993 0.097656
0 0.057398 0.651042 0.092687 0.106771
0 0.078656 0.715495 0.114796 0.154948
0 0.610544 0.313151 0.054422 0.048177
0 0.625000 0.258464 0.057823 0.045573
0 0.631378 0.161458 0.028061 0.036458
0 0.615221 0.222005 0.038265 0.032552
0 0.195153 0.608724 0.096088 0.139323
0 0.249575 0.448568 0.068878 0.089844
0 0.326956 0.389974 0.055272 0.071615
0 0.320578 0.474609 0.073129 0.100260
0 0.375850 0.341146 0.049320 0.065104
0 0.430697 0.337891 0.041667 0.082031
0 0.413690 0.283203 0.029762 0.048177
0 0.431548 0.225260 0.031463 0.049479
0 0.382653 0.412760 0.045918 0.072917
0 0.343112 0.193359 0.026361 0.050781
0 0.365221 0.154948 0.021259 0.041667
0 0.469813 0.218750 0.029762 0.049479
0 0.456633 0.270182 0.028912 0.055990
0 0.480867 0.178385 0.031463 0.041667
0 0.437075 0.076172 0.030612 0.035156
0 0.478741 0.153646 0.028912 0.057292
0 0.444303 0.160807 0.026361 0.040365
0 0.500425 0.357422 0.039966 0.074219
0 0.482568 0.097656 0.019558 0.033854