4 0.064201 0.583984 0.107993 0.097656
0 0.058248 0.651042 0.092687 0.106771
0 0.078656 0.715495 0.114796 0.154948
0 0.610544 0.313151 0.054422 0.048177
0 0.625000 0.258464 0.057823 0.045573
0 0.631378 0.161458 0.028061 0.036458
0 0.613946 0.223307 0.035714 0.029948
0 0.195153 0.608724 0.096088 0.139323
0 0.250425 0.448568 0.068878 0.089844
0 0.326956 0.389974 0.055272 0.071615
0 0.321429 0.473307 0.073129 0.100260
0 0.375850 0.341146 0.049320 0.065104
0 0.431548 0.337891 0.041667 0.082031
0 0.414541 0.283203 0.029762 0.048177
0 0.430697 0.225260 0.031463 0.049479
0 0.381803 0.414062 0.045918 0.072917
0 0.342262 0.193359 0.026361 0.050781
0 0.365221 0.154948 0.021259 0.041667
0 0.469813 0.218750 0.029762 0.049479
0 0.456633 0.270182 0.028912 0.055990
0 0.480867 0.178385 0.031463 0.041667
0 0.437925 0.076172 0.030612 0.035156
0 0.478741 0.153646 0.028912 0.057292
0 0.444303 0.162109 0.026361 0.040365
0 0.501276 0.364062 0.039966 0.087499
0 0.482568 0.097656 0.019558 0.033854