4 0.064201 0.585286 0.107993 0.097656
0 0.058248 0.652344 0.092687 0.106771
0 0.077806 0.715495 0.114796 0.154948
0 0.611395 0.311849 0.054422 0.048177
0 0.625000 0.258464 0.057823 0.045573
0 0.631378 0.160156 0.028061 0.036458
0 0.614796 0.220703 0.035714 0.029948
0 0.194303 0.610026 0.096088 0.139323
0 0.249575 0.448568 0.068878 0.089844
0 0.326105 0.391276 0.055272 0.071615
0 0.320578 0.473307 0.073129 0.100260
0 0.376701 0.341146 0.049320 0.065104
0 0.429422 0.339844 0.044218 0.085938
0 0.413690 0.280599 0.029762 0.048177
0 0.431548 0.225260 0.031463 0.049479
0 0.381803 0.412760 0.045918 0.072917
0 0.342262 0.193359 0.026361 0.050781
0 0.365221 0.153646 0.021259 0.041667
0 0.470663 0.218750 0.029762 0.049479
0 0.456633 0.271484 0.028912 0.055990
0 0.480867 0.180990 0.031463 0.041667
0 0.442177 0.067708 0.027211 0.031250
0 0.479592 0.151042 0.028912 0.057292
0 0.443027 0.164062 0.025510 0.039062
0 0.494473 0.393229 0.041667 0.091146
0 0.487245 0.104167 0.020408 0.036458