4 0.064201 0.585286 0.107993 0.097656
0 0.058248 0.651042 0.092687 0.106771
0 0.078656 0.714193 0.114796 0.154948
0 0.611395 0.313151 0.054422 0.048177
0 0.624150 0.257161 0.057823 0.045573
0 0.631378 0.160156 0.028061 0.036458
0 0.613946 0.220703 0.035714 0.029948
0 0.194303 0.608724 0.096088 0.139323
0 0.249575 0.449870 0.068878 0.089844
0 0.325255 0.389974 0.055272 0.071615
0 0.320578 0.473307 0.073129 0.100260
0 0.376701 0.341146 0.049320 0.065104
0 0.428571 0.342448 0.044218 0.085938
0 0.414541 0.280599 0.029762 0.048177
0 0.430697 0.225260 0.031463 0.049479
0 0.381803 0.412760 0.045918 0.072917
0 0.341412 0.193359 0.026361 0.050781
0 0.365221 0.152344 0.021259 0.041667
0 0.469813 0.218750 0.029762 0.049479
0 0.457483 0.270182 0.028912 0.055990
0 0.480867 0.180990 0.031463 0.041667
0 0.444728 0.063802 0.027211 0.031250
0 0.478741 0.152344 0.028912 0.057292
0 0.443027 0.166667 0.025510 0.039062
0 0.490221 0.408854 0.043367 0.096354
0 0.488946 0.106771 0.020408 0.036458