4 0.064201 0.585286 0.107993 0.097656
0 0.058248 0.651042 0.092687 0.106771
0 0.077806 0.715495 0.114796 0.154948
0 0.612245 0.311849 0.054422 0.048177
0 0.624150 0.258464 0.054422 0.042969
0 0.632228 0.160156 0.028061 0.036458
0 0.613946 0.223307 0.035714 0.029948
0 0.194303 0.610026 0.096088 0.139323
0 0.248724 0.448568 0.068878 0.089844
0 0.325255 0.391276 0.055272 0.071615
0 0.320578 0.475911 0.073129 0.100260
0 0.375850 0.341146 0.049320 0.065104
0 0.428571 0.343750 0.044218 0.085938
0 0.414541 0.280599 0.029762 0.048177
0 0.430697 0.225260 0.031463 0.049479
0 0.381803 0.414062 0.045918 0.072917
0 0.342262 0.193359 0.026361 0.050781
0 0.365221 0.152344 0.021259 0.041667
0 0.469813 0.218750 0.029762 0.049479
0 0.456633 0.270182 0.028912 0.055990
0 0.480017 0.180990 0.031463 0.041667
0 0.446429 0.059896 0.027211 0.031250
0 0.478741 0.152344 0.028912 0.057292
0 0.443878 0.166667 0.025510 0.039062
0 0.486395 0.423828 0.045918 0.100260
0 0.491922 0.110677 0.019558 0.033854