4 0.064201 0.585286 0.107993 0.097656
0 0.057398 0.649740 0.092687 0.106771
0 0.077806 0.714193 0.114796 0.154948
0 0.612245 0.311849 0.054422 0.048177
0 0.624150 0.258464 0.057823 0.045573
0 0.632228 0.160156 0.028061 0.036458
0 0.614796 0.222005 0.035714 0.029948
0 0.194303 0.610026 0.096088 0.139323
0 0.248724 0.449870 0.068878 0.089844
0 0.325255 0.391276 0.055272 0.071615
0 0.321429 0.473307 0.073129 0.100260
0 0.376701 0.342448 0.049320 0.065104
0 0.428571 0.343750 0.044218 0.085938
0 0.414541 0.280599 0.029762 0.048177
0 0.432398 0.225260 0.031463 0.049479
0 0.381803 0.412760 0.045918 0.072917
0 0.341412 0.194661 0.026361 0.050781
0 0.365221 0.152344 0.021259 0.041667
0 0.470663 0.218750 0.029762 0.049479
0 0.457483 0.270182 0.028912 0.055990
0 0.480017 0.178385 0.031463 0.041667
0 0.446429 0.059896 0.027211 0.031250
0 0.478741 0.151693 0.027211 0.053385
0 0.443878 0.166667 0.025510 0.039062
0 0.485969 0.426432 0.046769 0.102865
0 0.491922 0.110677 0.019558 0.033854