4 0.063350 0.583984 0.107993 0.097656
0 0.057398 0.649740 0.092687 0.106771
0 0.077806 0.714193 0.114796 0.154948
0 0.612245 0.311849 0.054422 0.048177
0 0.625000 0.258464 0.057823 0.045573
0 0.632228 0.160156 0.028061 0.036458
0 0.613946 0.220703 0.035714 0.029948
0 0.193452 0.611328 0.096088 0.139323
0 0.248724 0.447266 0.068878 0.089844
0 0.325255 0.391276 0.055272 0.071615
0 0.321429 0.473307 0.073129 0.100260
0 0.376701 0.342448 0.049320 0.065104
0 0.427721 0.343750 0.044218 0.085938
0 0.413690 0.280599 0.029762 0.048177
0 0.432398 0.226562 0.031463 0.049479
0 0.382653 0.414062 0.045918 0.072917
0 0.341412 0.194661 0.026361 0.050781
0 0.365221 0.152344 0.021259 0.041667
0 0.470663 0.220052 0.029762 0.049479
0 0.457483 0.271484 0.028912 0.055990
0 0.480017 0.178385 0.031463 0.041667
0 0.445578 0.059896 0.027211 0.031250
0 0.478741 0.152344 0.028912 0.057292
0 0.443878 0.166667 0.025510 0.039062
0 0.485969 0.426432 0.046769 0.102865
0 0.492772 0.110677 0.019558 0.033854