4 0.063350 0.585286 0.107993 0.097656
0 0.058248 0.652344 0.092687 0.106771
0 0.078656 0.715495 0.114796 0.154948
0 0.611820 0.311198 0.056973 0.049479
0 0.625000 0.257161 0.057823 0.045573
0 0.632228 0.160156 0.028061 0.036458
0 0.613946 0.222005 0.035714 0.029948
0 0.193452 0.610026 0.096088 0.139323
0 0.248724 0.447266 0.068878 0.089844
0 0.325255 0.391276 0.055272 0.071615
0 0.321429 0.475911 0.073129 0.100260
0 0.376701 0.342448 0.049320 0.065104
0 0.426871 0.343750 0.044218 0.085938
0 0.414541 0.280599 0.029762 0.048177
0 0.431548 0.226562 0.031463 0.049479
0 0.380952 0.412760 0.045918 0.072917
0 0.341412 0.194661 0.026361 0.050781
0 0.365221 0.152344 0.021259 0.041667
0 0.470663 0.220052 0.029762 0.049479
0 0.456633 0.272786 0.028912 0.055990
0 0.480017 0.179688 0.031463 0.041667
0 0.448554 0.057943 0.026361 0.029948
0 0.478741 0.152344 0.028912 0.057292
0 0.443452 0.168620 0.026361 0.040365
0 0.481718 0.442057 0.046769 0.102865
0 0.493622 0.113281 0.019558 0.033854