4 0.064201 0.585286 0.107993 0.097656
0 0.058248 0.651042 0.092687 0.106771
0 0.078656 0.715495 0.114796 0.154948
0 0.611820 0.312500 0.056973 0.049479
0 0.625000 0.258464 0.057823 0.045573
0 0.631378 0.161458 0.028061 0.036458
0 0.614371 0.222005 0.038265 0.032552
0 0.194303 0.611328 0.096088 0.139323
0 0.249575 0.448568 0.068878 0.089844
0 0.326105 0.389974 0.055272 0.071615
0 0.320578 0.474609 0.073129 0.100260
0 0.375850 0.342448 0.049320 0.065104
0 0.426871 0.343750 0.044218 0.085938
0 0.414541 0.281901 0.029762 0.048177
0 0.431548 0.227865 0.031463 0.049479
0 0.381803 0.412760 0.045918 0.072917
0 0.341412 0.194661 0.026361 0.050781
0 0.365221 0.153646 0.021259 0.041667
0 0.469813 0.217448 0.029762 0.049479
0 0.456633 0.271484 0.028912 0.055990
0 0.480017 0.179688 0.031463 0.041667
0 0.448129 0.057292 0.027211 0.031250
0 0.478741 0.152344 0.028912 0.057292
0 0.443452 0.168620 0.026361 0.040365
0 0.480867 0.443359 0.046769 0.102865
0 0.495323 0.113281 0.019558 0.033854