4 0.064201 0.578776 0.107993 0.110677
0 0.059099 0.652344 0.092687 0.106771
0 0.078656 0.716797 0.114796 0.154948
0 0.610119 0.312500 0.053571 0.046875
0 0.625000 0.254557 0.057823 0.045573
0 0.631378 0.161458 0.028061 0.036458
0 0.613095 0.218099 0.035714 0.029948
0 0.187500 0.607422 0.096088 0.147135
0 0.249575 0.448568 0.068878 0.089844
0 0.324405 0.388672 0.055272 0.071615
0 0.320578 0.474609 0.073129 0.100260
0 0.376701 0.341146 0.049320 0.065104
0 0.423469 0.347656 0.044218 0.085938
0 0.413690 0.281901 0.029762 0.048177
0 0.431548 0.223958 0.031463 0.049479
0 0.381803 0.412760 0.045918 0.072917
0 0.340561 0.194661 0.026361 0.050781
0 0.365221 0.153646 0.021259 0.041667
0 0.469813 0.218750 0.029762 0.049479
0 0.454932 0.276693 0.028912 0.055990
0 0.480017 0.179688 0.031463 0.041667
0 0.458759 0.042318 0.024660 0.027344
0 0.480442 0.153646 0.028912 0.057292
0 0.440051 0.171224 0.026361 0.040365
0 0.451956 0.522135 0.055272 0.122396
0 0.504252 0.125000 0.022109 0.039062