4 0.064201 0.578776 0.107993 0.110677
0 0.059099 0.652344 0.092687 0.106771
0 0.077806 0.714193 0.114796 0.154948
0 0.610969 0.311198 0.056973 0.049479
0 0.624150 0.255859 0.057823 0.045573
0 0.630527 0.161458 0.028061 0.036458
0 0.613520 0.220703 0.038265 0.032552
0 0.188350 0.607422 0.096088 0.147135
0 0.248724 0.448568 0.068878 0.089844
0 0.324405 0.388672 0.055272 0.071615
0 0.320578 0.474609 0.073129 0.100260
0 0.376701 0.342448 0.049320 0.065104
0 0.421769 0.348307 0.045918 0.089844
0 0.413690 0.281901 0.029762 0.048177
0 0.430697 0.222656 0.031463 0.049479
0 0.380102 0.412760 0.047619 0.075521
0 0.340561 0.193359 0.026361 0.050781
0 0.365221 0.153646 0.021259 0.041667
0 0.470663 0.218750 0.029762 0.049479
0 0.453656 0.276693 0.029762 0.058594
0 0.480017 0.180990 0.031463 0.041667
0 0.461310 0.039714 0.024660 0.027344
0 0.479592 0.153646 0.028912 0.057292
0 0.440051 0.173828 0.024660 0.037760
0 0.454744 0.554192 0.058673 0.128906
0 0.507228 0.132161 0.022959 0.040365