4 0.065051 0.577474 0.107993 0.110677
0 0.059099 0.651042 0.092687 0.106771
0 0.077806 0.715495 0.114796 0.154948
0 0.611820 0.309896 0.056973 0.049479
0 0.624150 0.254557 0.057823 0.045573
0 0.632228 0.161458 0.028061 0.036458
0 0.613520 0.220703 0.038265 0.032552
0 0.188350 0.608724 0.096088 0.147135
0 0.248724 0.448568 0.068878 0.089844
0 0.323554 0.389974 0.055272 0.071615
0 0.320578 0.474609 0.073129 0.100260
0 0.376701 0.341146 0.049320 0.065104
0 0.422619 0.347656 0.044218 0.085938
0 0.413690 0.281901 0.029762 0.048177
0 0.430697 0.223958 0.031463 0.049479
0 0.380952 0.411458 0.047619 0.075521
0 0.341412 0.192057 0.026361 0.050781
0 0.365221 0.153646 0.021259 0.041667
0 0.470663 0.218750 0.029762 0.049479
0 0.452806 0.276693 0.029762 0.058594
0 0.480017 0.178385 0.031463 0.041667
0 0.461310 0.041016 0.024660 0.027344
0 0.480442 0.153646 0.028912 0.057292
0 0.440051 0.172526 0.024660 0.037760
0 0.454507 0.554036 0.058673 0.128906
0 0.506378 0.130859 0.022959 0.040365