4 0.064201 0.577474 0.107993 0.110677
0 0.059099 0.653646 0.092687 0.106771
0 0.078656 0.714193 0.114796 0.154948
0 0.610969 0.312500 0.056973 0.049479
0 0.625000 0.254557 0.057823 0.045573
0 0.631378 0.158854 0.028061 0.036458
0 0.614371 0.219401 0.038265 0.032552
0 0.186650 0.607422 0.096088 0.147135
0 0.249575 0.448568 0.068878 0.089844
0 0.325255 0.389974 0.055272 0.071615
0 0.320578 0.475911 0.073129 0.100260
0 0.375850 0.341146 0.049320 0.065104
0 0.421769 0.350260 0.044218 0.085938
0 0.415391 0.281901 0.029762 0.048177
0 0.431548 0.221354 0.031463 0.049479
0 0.380102 0.411458 0.047619 0.075521
0 0.340561 0.193359 0.026361 0.050781
0 0.365221 0.152344 0.021259 0.041667
0 0.470663 0.218750 0.029762 0.049479
0 0.452806 0.277995 0.029762 0.058594
0 0.480017 0.179688 0.031463 0.041667
0 0.462585 0.040365 0.023810 0.026042
0 0.480442 0.152344 0.028912 0.057292
0 0.440051 0.172526 0.024660 0.037760
0 0.447704 0.572266 0.058673 0.128906
0 0.508929 0.136068 0.022959 0.040365