4 0.064201 0.577474 0.107993 0.110677
0 0.059099 0.652344 0.092687 0.106771
0 0.078656 0.715495 0.114796 0.154948
0 0.610969 0.311198 0.056973 0.049479
0 0.624150 0.255859 0.057823 0.045573
0 0.631378 0.160156 0.028061 0.036458
0 0.613520 0.219401 0.038265 0.032552
0 0.187500 0.607422 0.096088 0.147135
0 0.249575 0.448568 0.068878 0.089844
0 0.324405 0.391276 0.055272 0.071615
0 0.319728 0.474609 0.073129 0.100260
0 0.376701 0.341146 0.049320 0.065104
0 0.420918 0.347656 0.044218 0.085938
0 0.413690 0.281901 0.029762 0.048177
0 0.430697 0.222656 0.031463 0.049479
0 0.380102 0.410156 0.047619 0.075521
0 0.341412 0.193359 0.026361 0.050781
0 0.365221 0.152344 0.021259 0.041667
0 0.469813 0.218750 0.029762 0.049479
0 0.453656 0.279297 0.029762 0.058594
0 0.480017 0.179688 0.031463 0.041667
0 0.462585 0.039062 0.023810 0.026042
0 0.479592 0.152344 0.028912 0.057292
0 0.440051 0.173828 0.024660 0.037760
0 0.446429 0.573568 0.061224 0.134115
0 0.508929 0.134766 0.022959 0.040365