4 0.063350 0.580078 0.107993 0.110677
0 0.059099 0.652344 0.092687 0.106771
0 0.078656 0.714193 0.114796 0.154948
0 0.610119 0.311198 0.056973 0.049479
0 0.624150 0.255859 0.057823 0.045573
0 0.631378 0.160156 0.028061 0.036458
0 0.613095 0.220703 0.035714 0.029948
0 0.187500 0.607422 0.096088 0.147135
0 0.250425 0.447266 0.068878 0.089844
0 0.325255 0.391276 0.055272 0.071615
0 0.320578 0.475911 0.073129 0.100260
0 0.376701 0.342448 0.049320 0.065104
0 0.420068 0.352214 0.045918 0.089844
0 0.415391 0.281901 0.029762 0.048177
0 0.430697 0.222656 0.031463 0.049479
0 0.380102 0.411458 0.047619 0.075521
0 0.340561 0.194661 0.026361 0.050781
0 0.364371 0.154948 0.021259 0.041667
0 0.469813 0.218750 0.029762 0.049479
0 0.450255 0.283203 0.029762 0.058594
0 0.480017 0.179688 0.031463 0.041667
0 0.478741 0.153646 0.028912 0.057292
0 0.439201 0.172526 0.024660 0.037760
0 0.411990 0.661458 0.067177 0.148438
0 0.514031 0.152995 0.022959 0.040365