4 0.063350 0.578776 0.107993 0.110677
0 0.058248 0.652344 0.092687 0.106771
0 0.079507 0.714193 0.114796 0.154948
0 0.610544 0.309245 0.059524 0.050781
0 0.625000 0.255859 0.057823 0.045573
0 0.631378 0.160156 0.028061 0.036458
0 0.613095 0.218099 0.035714 0.029948
0 0.187500 0.608724 0.096088 0.147135
0 0.250425 0.447266 0.068878 0.089844
0 0.325255 0.391276 0.055272 0.071615
0 0.320578 0.475911 0.073129 0.100260
0 0.376701 0.342448 0.049320 0.065104
0 0.419218 0.350911 0.045918 0.089844
0 0.415391 0.281901 0.029762 0.048177
0 0.431548 0.223958 0.031463 0.049479
0 0.380102 0.412760 0.047619 0.075521
0 0.341412 0.194661 0.026361 0.050781
0 0.364371 0.154948 0.021259 0.041667
0 0.469813 0.218750 0.029762 0.049479
0 0.451105 0.283203 0.029762 0.058594
0 0.480017 0.180990 0.031463 0.041667
0 0.479592 0.152344 0.028912 0.057292
0 0.439201 0.175130 0.024660 0.037760
0 0.411990 0.662760 0.067177 0.148438
0 0.514031 0.152995 0.022959 0.040365