4 0.064201 0.578776 0.107993 0.110677
0 0.059099 0.651042 0.092687 0.106771
0 0.078656 0.715495 0.114796 0.154948
0 0.610119 0.309896 0.056973 0.049479
0 0.625000 0.255859 0.057823 0.045573
0 0.631378 0.160156 0.028061 0.036458
0 0.613946 0.218099 0.035714 0.029948
0 0.186650 0.607422 0.096088 0.147135
0 0.249575 0.447266 0.068878 0.089844
0 0.324405 0.391276 0.055272 0.071615
0 0.320578 0.473307 0.073129 0.100260
0 0.375850 0.339844 0.049320 0.065104
0 0.420068 0.352214 0.045918 0.089844
0 0.415391 0.281901 0.029762 0.048177
0 0.431548 0.223958 0.031463 0.049479
0 0.380102 0.411458 0.047619 0.075521
0 0.341412 0.194661 0.026361 0.050781
0 0.365221 0.154948 0.021259 0.041667
0 0.469813 0.220052 0.029762 0.049479
0 0.450255 0.287109 0.029762 0.058594
0 0.480017 0.180990 0.031463 0.041667
0 0.479592 0.153646 0.028912 0.057292
0 0.439201 0.175130 0.024660 0.037760
0 0.402636 0.688802 0.067177 0.148438
0 0.515731 0.159505 0.022959 0.040365