4 0.064201 0.578776 0.107993 0.110677
0 0.059099 0.651042 0.092687 0.106771
0 0.078656 0.714193 0.114796 0.154948
0 0.610119 0.311198 0.056973 0.049479
0 0.624150 0.257161 0.057823 0.045573
0 0.632228 0.160156 0.028061 0.036458
0 0.613095 0.220703 0.035714 0.029948
0 0.184949 0.610026 0.096088 0.147135
0 0.250425 0.447266 0.068878 0.089844
0 0.323554 0.389974 0.055272 0.071615
0 0.320578 0.474609 0.073129 0.100260
0 0.375850 0.341146 0.049320 0.065104
0 0.420068 0.350911 0.045918 0.089844
0 0.415391 0.281901 0.029762 0.048177
0 0.431548 0.222656 0.031463 0.049479
0 0.380952 0.412760 0.047619 0.075521
0 0.340561 0.193359 0.026361 0.050781
0 0.365221 0.152344 0.021259 0.041667
0 0.469813 0.220052 0.029762 0.049479
0 0.450255 0.287109 0.029762 0.058594
0 0.480017 0.180990 0.031463 0.041667
0 0.480442 0.153646 0.028912 0.057292
0 0.439201 0.175130 0.024660 0.037760
0 0.391582 0.719401 0.073980 0.162760
0 0.516582 0.166016 0.022959 0.040365