4 0.064201 0.577474 0.107993 0.110677
0 0.059099 0.652344 0.092687 0.106771
0 0.078656 0.715495 0.114796 0.154948
0 0.610969 0.309896 0.056973 0.049479
0 0.625000 0.255859 0.057823 0.045573
0 0.632228 0.160156 0.028061 0.036458
0 0.613946 0.219401 0.035714 0.029948
0 0.185799 0.611328 0.096088 0.147135
0 0.249575 0.447266 0.068878 0.089844
0 0.324405 0.389974 0.055272 0.071615
0 0.321429 0.474609 0.073129 0.100260
0 0.375850 0.342448 0.049320 0.065104
0 0.420068 0.352214 0.045918 0.089844
0 0.415391 0.281901 0.029762 0.048177
0 0.432398 0.222656 0.031463 0.049479
0 0.380952 0.411458 0.047619 0.075521
0 0.340561 0.194661 0.026361 0.050781
0 0.366071 0.152344 0.021259 0.041667
0 0.470663 0.220052 0.029762 0.049479
0 0.449405 0.287109 0.029762 0.058594
0 0.480017 0.179688 0.031463 0.041667
0 0.479592 0.152995 0.027211 0.053385
0 0.440051 0.175130 0.024660 0.037760
0 0.388180 0.720703 0.073980 0.162760
0 0.517432 0.167318 0.022959 0.040365