4 0.065051 0.577474 0.107993 0.110677
0 0.059099 0.652344 0.092687 0.106771
0 0.078656 0.714193 0.114796 0.154948
0 0.610119 0.309896 0.056973 0.049479
0 0.625000 0.255859 0.057823 0.045573
0 0.631378 0.160156 0.028061 0.036458
0 0.613095 0.219401 0.035714 0.029948
0 0.184949 0.612630 0.096088 0.147135
0 0.249575 0.447266 0.068878 0.089844
0 0.323554 0.388672 0.055272 0.071615
0 0.320578 0.475911 0.073129 0.100260
0 0.375850 0.339844 0.049320 0.065104
0 0.419218 0.352214 0.045918 0.089844
0 0.414541 0.281901 0.029762 0.048177
0 0.431548 0.222656 0.031463 0.049479
0 0.380952 0.412760 0.047619 0.075521
0 0.339711 0.194661 0.026361 0.050781
0 0.365221 0.152344 0.021259 0.041667
0 0.470663 0.220052 0.029762 0.049479
0 0.448554 0.288411 0.029762 0.058594
0 0.479167 0.178385 0.031463 0.041667
0 0.478741 0.152995 0.027211 0.053385
0 0.440051 0.173828 0.026361 0.040365
0 0.375000 0.751302 0.081633 0.179688
0 0.518282 0.175130 0.022959 0.040365