4 0.064201 0.578776 0.107993 0.110677
0 0.058248 0.651042 0.092687 0.106771
0 0.078656 0.714193 0.114796 0.154948
0 0.610969 0.312500 0.056973 0.049479
0 0.625000 0.254557 0.057823 0.045573
0 0.631378 0.160156 0.028061 0.036458
0 0.613095 0.220703 0.035714 0.029948
0 0.183248 0.613932 0.096088 0.147135
0 0.246173 0.449870 0.068878 0.089844
0 0.324405 0.388672 0.055272 0.071615
0 0.319728 0.475911 0.073129 0.100260
0 0.376701 0.341146 0.049320 0.065104
0 0.420068 0.353516 0.045918 0.089844
0 0.414541 0.281901 0.029762 0.048177
0 0.430697 0.223958 0.031463 0.049479
0 0.380102 0.411458 0.047619 0.075521
0 0.341412 0.194661 0.026361 0.050781
0 0.365221 0.154948 0.021259 0.041667
0 0.469813 0.221354 0.029762 0.049479
0 0.448554 0.289714 0.029762 0.058594
0 0.480017 0.178385 0.031463 0.041667
0 0.479592 0.152995 0.027211 0.053385
0 0.439201 0.173828 0.024660 0.037760
0 0.362245 0.782552 0.081633 0.179688
0 0.519983 0.182943 0.022959 0.040365