4 0.063350 0.580078 0.107993 0.110677
0 0.059099 0.651042 0.092687 0.106771
0 0.077806 0.714193 0.114796 0.154948
0 0.610969 0.312500 0.056973 0.049479
0 0.625000 0.254557 0.057823 0.045573
0 0.631378 0.160156 0.028061 0.036458
0 0.613520 0.219401 0.038265 0.032552
0 0.181548 0.613932 0.096088 0.147135
0 0.244473 0.451172 0.068878 0.089844
0 0.324405 0.388672 0.055272 0.071615
0 0.319728 0.477214 0.073129 0.100260
0 0.376701 0.341146 0.049320 0.065104
0 0.419218 0.353516 0.045918 0.089844
0 0.414541 0.281901 0.029762 0.048177
0 0.430697 0.223958 0.031463 0.049479
0 0.381803 0.412760 0.047619 0.075521
0 0.341412 0.194661 0.026361 0.050781
0 0.366071 0.154948 0.021259 0.041667
0 0.470238 0.222005 0.030612 0.050781
0 0.447704 0.291016 0.029762 0.058594
0 0.480017 0.178385 0.031463 0.041667
0 0.478741 0.151693 0.027211 0.053385
0 0.439201 0.175130 0.024660 0.037760
0 0.348639 0.810547 0.085034 0.188802
0 0.520833 0.189453 0.022959 0.040365