0
0.6488295055571056
0.11038478215535481
0.05643925050488945
0.112098773320515950
0.6479895455496651
0.1123859981695811
0.05655441803186118
0.108606686194737750
0.648945918699511
0.11216002702713013
0.054688174708359905
0.108340601126352950
0.6440552173017644
0.11306939522425334
0.06390147306481186
0.11473423242568970
0.6018281793918739
0.39768417676289874
0.1884645215508078
0.37036959330240890
0.6437421007221248
0.11300238966941833
0.06434522356305804
0.115971674521764110
0.6014587506145036
0.39701759815216064
0.18866989239543475
0.371103326479593930
0.6436848024121758
0.11300873756408691
0.06436473820485225
0.116095423698425290
0.6020297614895568
0.39267226060231525
0.18457446455144558
0.381923953692118350
0.6461947175110279
0.11690780520439148
0.061427680813536355
0.114101638396581010
0.6478411616111288
0.12068019310633342
0.05578426438934949
0.105258742968241380
0.6476994728555485
0.1206142008304596
0.05533729605123299
0.103933483362197880
0.6468784565828285
0.12496690948804219
0.0575962715408429
0.106913338104883830
0.5585060898138552
0.43522032101949054
0.21890673994207058
0.408223549524943050
0.6468766919609641
0.12495601177215576
0.05758947255660077
0.106875002384185790
0.5585229056222099
0.43516266345977783
0.21932355400656356
0.408153096834818540
0.6478161974018123
0.1325952410697937
0.06106624473519877
0.110674301783243820
0.6475869522613733
0.1324818730354309
0.06121836552003614
0.110758980115254720
0.5384579094088807
0.4391783078511556
0.23976669830529868
0.42661897341410320
0.6477220496352838
0.13325688242912292
0.05749433867785395
0.115486174821853640
0.5212155296688988
0.45652735233306885
0.25474387447850233
0.442385156949361150
0.6477815796728847
0.13354824980099997
0.05723945461973852
0.115191131830215450
0.5202918020235437
0.4517298142115275
0.25033372113493835
0.453998525937398260
0.6474671655771683
0.1332622468471527
0.06109084564001382
0.128164897362391140
0.505386715843564
0.471733291943868
0.2549287445691167
0.45341002941131590
0.6463738266302614
0.13491767644882202
0.06366693405877977
0.122415045897165940
0.5051228529741975
0.4714444080988566
0.2557045034810799
0.45400297641754150
0.6461993885689041
0.13795592387517294
0.05907943621784651
0.120847205320994060
0.4848211379278274
0.48020795981089276
0.2798463990088223
0.48450148105621340
0.6461340975599225
0.1383812427520752
0.05941642709329826
0.120486656824747730
0.4847083059297938
0.48019270102183026
0.2795898541301286
0.4845217466354370
0.6456646562433567
0.14228490988413492
0.0607848394484747
0.124610284964243580
0.6457084084854645
0.14639591177304587
0.0580387764236554
0.131939580043156950
0.4412928989955357
0.5040820837020874
0.3046950774938882
0.48852296670277910
0.6457120934311225
0.14636026819547018
0.05801318940662202
0.131828039884567260
0.44314253411325466
0.49265889326731366
0.32094298901201107
0.496685306231180850
0.6435020083472842
0.14494786659876505
0.061564802312526576
0.13324616352717080
0.4433727134652689
0.4923741817474365
0.3212714162813563
0.49732096989949540
0.6398074610703657
0.15434943636258444
0.06392488025483631
0.126388400793075560
0.6397134171051233
0.1550485591093699
0.06464484597549958
0.125510364770889280
0.6396945252710459
0.15515526135762533
0.06481341926419006
0.125464200973510740
0.6389448723825467
0.15830936034520468
0.0670148888412787
0.126633723576863620
0.3791396731422061
0.5363620122273763
0.34827944697165975
0.4588317871093750
0.6376872159996811
0.15791026751200357
0.06886213652941646
0.14037334918975830
0.6376245200228529
0.15805978576342264
0.068934745529071
0.140246242284774780
0.63790665191858
0.16355218489964804
0.06639789399646577
0.13410911957422890
0.6365812132958653
0.16337131460507712
0.07130847334050808
0.144018481175104770
0.3168830093072385
0.5885607004165649
0.37584463106531674
0.411439299583435060
0.636109125046503
0.1671927571296692
0.07266053699311756
0.148418804009755460
0.6361909204599808
0.16723235448201498
0.07252014575361394
0.148473501205444340
0.6364779829167996
0.1672761638959249
0.07222109424824617
0.14761978387832642