4 0.062075 0.570312 0.110544 0.101562
0 0.240221 0.559896 0.085884 0.122396
0 0.130102 0.514323 0.069728 0.078125
0 0.030187 0.736979 0.084184 0.106771
0 0.067602 0.647786 0.089286 0.095052
0 0.259779 0.447917 0.084184 0.093750
0 0.349915 0.430339 0.072279 0.084635
0 0.342687 0.388021 0.071429 0.067708
0 0.612670 0.309896 0.051871 0.046875
0 0.626701 0.260417 0.045918 0.036458
0 0.630102 0.157552 0.027211 0.041667
0 0.622874 0.233073 0.038265 0.033854
0 0.417942 0.338542 0.041667 0.067708
0 0.392432 0.318359 0.034864 0.058594
0 0.413265 0.270833 0.028912 0.044271
0 0.452806 0.280599 0.026361 0.058594
0 0.428146 0.245443 0.022959 0.053385
0 0.473639 0.159505 0.015306 0.040365
0 0.442177 0.197266 0.028912 0.040365
0 0.451531 0.154948 0.027211 0.041667
0 0.466412 0.224609 0.022959 0.040365
0 0.484269 0.109375 0.019558 0.041667
0 0.347789 0.190755 0.027211 0.045573
0 0.366071 0.154948 0.021259 0.039062
0 0.498724 0.070964 0.022959 0.029948
0 0.501701 0.043620 0.020408 0.029948