4 0.061224 0.570312 0.110544 0.101562
0 0.238520 0.559896 0.085884 0.122396
0 0.130102 0.513021 0.069728 0.078125
0 0.028486 0.740885 0.084184 0.106771
0 0.066752 0.647786 0.089286 0.095052
0 0.259779 0.447917 0.084184 0.093750
0 0.347789 0.432943 0.076531 0.089844
0 0.340986 0.389323 0.071429 0.067708
0 0.612670 0.309896 0.051871 0.046875
0 0.625850 0.261719 0.045918 0.036458
0 0.630102 0.156250 0.027211 0.041667
0 0.622874 0.233073 0.038265 0.033854
0 0.415391 0.343750 0.041667 0.067708
0 0.391582 0.318359 0.034864 0.058594
0 0.412415 0.269531 0.028912 0.044271
0 0.451956 0.283203 0.026361 0.058594
0 0.428146 0.245443 0.022959 0.053385
0 0.473639 0.162109 0.015306 0.040365
0 0.443027 0.195964 0.028912 0.040365
0 0.451956 0.154297 0.028061 0.042969
0 0.465561 0.228516 0.022959 0.040365
0 0.487245 0.112630 0.020408 0.042969
0 0.348639 0.190755 0.027211 0.045573
0 0.366071 0.154948 0.021259 0.039062
0 0.498724 0.070964 0.022959 0.029948
0 0.500850 0.044922 0.020408 0.029948