4 0.062925 0.571615 0.110544 0.101562
0 0.239371 0.561198 0.085884 0.122396
0 0.129252 0.514323 0.069728 0.078125
0 0.027636 0.742188 0.084184 0.106771
0 0.066752 0.647786 0.089286 0.095052
0 0.260629 0.446615 0.084184 0.093750
0 0.346088 0.434245 0.076531 0.089844
0 0.340136 0.390625 0.071429 0.067708
0 0.611820 0.311198 0.051871 0.046875
0 0.625000 0.261719 0.045918 0.036458
0 0.630952 0.154948 0.027211 0.041667
0 0.623724 0.233073 0.038265 0.033854
0 0.414966 0.345052 0.039116 0.065104
0 0.391582 0.318359 0.033163 0.055990
0 0.413265 0.270833 0.028912 0.044271
0 0.451956 0.281901 0.026361 0.058594
0 0.428146 0.245443 0.024660 0.055990
0 0.473639 0.163411 0.015306 0.040365
0 0.443027 0.198568 0.028912 0.040365
0 0.451956 0.154297 0.028061 0.042969
0 0.465561 0.227214 0.022959 0.040365
0 0.488095 0.115234 0.020408 0.042969
0 0.348639 0.192057 0.027211 0.045573
0 0.366922 0.154948 0.021259 0.039062
0 0.498724 0.072266 0.022959 0.029948
0 0.501701 0.043620 0.020408 0.029948