4 0.062075 0.571615 0.110544 0.101562
0 0.231293 0.570964 0.090136 0.128906
0 0.125850 0.513672 0.066327 0.074219
0 0.019133 0.755208 0.084184 0.106771
0 0.067602 0.646484 0.089286 0.095052
0 0.258929 0.446615 0.084184 0.093750
0 0.335884 0.444010 0.079932 0.093750
0 0.340136 0.388021 0.071429 0.067708
0 0.611820 0.312500 0.051871 0.046875
0 0.625000 0.260417 0.045918 0.036458
0 0.631378 0.156901 0.028061 0.042969
0 0.622874 0.231771 0.038265 0.033854
0 0.409014 0.352214 0.037415 0.061198
0 0.390731 0.317057 0.033163 0.055990
0 0.414116 0.269531 0.028912 0.044271
0 0.450680 0.286458 0.028912 0.065104
0 0.428146 0.242839 0.024660 0.055990
0 0.474065 0.165365 0.016156 0.041667
0 0.441327 0.197266 0.028912 0.040365
0 0.451105 0.151693 0.028061 0.042969
0 0.463010 0.235026 0.022959 0.040365
0 0.494473 0.126302 0.019558 0.041667
0 0.348639 0.192057 0.027211 0.045573
0 0.366922 0.156250 0.021259 0.039062
0 0.498724 0.069661 0.022959 0.029948
0 0.500850 0.046224 0.020408 0.029948