4 0.062075 0.572917 0.110544 0.101562
0 0.208333 0.590495 0.090136 0.128906
0 0.121599 0.516276 0.066327 0.074219
0 0.019983 0.748698 0.084184 0.106771
0 0.066752 0.646484 0.089286 0.095052
0 0.259779 0.447917 0.084184 0.093750
0 0.330782 0.449219 0.079932 0.093750
0 0.340136 0.388021 0.071429 0.067708
0 0.611820 0.312500 0.051871 0.046875
0 0.624150 0.261719 0.045918 0.036458
0 0.631378 0.155599 0.028061 0.042969
0 0.623724 0.233073 0.038265 0.033854
0 0.403061 0.360026 0.037415 0.061198
0 0.391582 0.318359 0.033163 0.055990
0 0.414116 0.270833 0.028912 0.044271
0 0.448129 0.292969 0.028912 0.065104
0 0.428146 0.245443 0.024660 0.055990
0 0.473214 0.169271 0.016156 0.041667
0 0.443027 0.196615 0.030612 0.041667
0 0.452806 0.151693 0.028061 0.042969
0 0.462160 0.240234 0.022959 0.040365
0 0.499150 0.136068 0.020408 0.042969
0 0.348639 0.190755 0.027211 0.045573
0 0.366071 0.156250 0.021259 0.039062
0 0.498724 0.070964 0.022959 0.029948
0 0.500850 0.046224 0.020408 0.029948