4 0.062075 0.571615 0.110544 0.101562
0 0.206633 0.591797 0.090136 0.128906
0 0.121599 0.515625 0.062925 0.070312
0 0.019983 0.750000 0.084184 0.106771
0 0.066752 0.647786 0.089286 0.095052
0 0.260629 0.446615 0.084184 0.093750
0 0.329082 0.451823 0.079932 0.093750
0 0.340136 0.388021 0.071429 0.067708
0 0.612670 0.312500 0.051871 0.046875
0 0.625425 0.263021 0.048469 0.039062
0 0.630527 0.156901 0.028061 0.042969
0 0.622874 0.233073 0.038265 0.033854
0 0.403061 0.361979 0.039116 0.065104
0 0.390731 0.318359 0.033163 0.055990
0 0.414116 0.268229 0.028912 0.044271
0 0.448129 0.291667 0.028912 0.065104
0 0.428997 0.244141 0.024660 0.055990
0 0.472789 0.170573 0.017007 0.044271
0 0.443027 0.195312 0.030612 0.041667
0 0.451956 0.154297 0.028061 0.042969
0 0.461310 0.240234 0.022959 0.040365
0 0.498724 0.138021 0.019558 0.041667
0 0.348214 0.190755 0.028061 0.048177
0 0.366071 0.156250 0.021259 0.039062
0 0.497874 0.072266 0.022959 0.029948
0 0.500850 0.046224 0.020408 0.029948