4 0.062925 0.571615 0.110544 0.101562
0 0.194728 0.603516 0.090136 0.128906
0 0.121599 0.514323 0.062925 0.070312
0 0.019133 0.747396 0.084184 0.106771
0 0.066752 0.646484 0.089286 0.095052
0 0.260629 0.446615 0.084184 0.093750
0 0.325255 0.455729 0.084184 0.098958
0 0.340136 0.386719 0.071429 0.067708
0 0.611820 0.311198 0.051871 0.046875
0 0.625425 0.261719 0.048469 0.039062
0 0.631378 0.155599 0.028061 0.042969
0 0.623724 0.231771 0.038265 0.033854
0 0.401361 0.364583 0.039116 0.065104
0 0.390731 0.317057 0.033163 0.055990
0 0.412415 0.268229 0.028912 0.044271
0 0.447279 0.294271 0.028912 0.065104
0 0.428146 0.242839 0.024660 0.055990
0 0.472789 0.173177 0.017007 0.044271
0 0.442177 0.196615 0.030612 0.041667
0 0.451956 0.151693 0.028061 0.042969
0 0.460459 0.244141 0.022959 0.040365
0 0.501276 0.143229 0.019558 0.041667
0 0.347364 0.190755 0.028061 0.048177
0 0.366071 0.156250 0.021259 0.039062
0 0.497874 0.070964 0.022959 0.029948
0 0.501701 0.044922 0.020408 0.029948