4 0.062925 0.570312 0.110544 0.101562
0 0.187075 0.612630 0.090136 0.128906
0 0.121599 0.514323 0.062925 0.070312
0 0.019983 0.747396 0.084184 0.106771
0 0.067602 0.646484 0.089286 0.095052
0 0.260204 0.445964 0.079932 0.089844
0 0.320153 0.460938 0.084184 0.098958
0 0.340986 0.386719 0.071429 0.067708
0 0.611820 0.311198 0.051871 0.046875
0 0.624150 0.260417 0.045918 0.036458
0 0.630527 0.155599 0.028061 0.042969
0 0.623724 0.231771 0.038265 0.033854
0 0.399660 0.365885 0.039116 0.065104
0 0.391582 0.318359 0.033163 0.055990
0 0.413265 0.268229 0.028912 0.044271
0 0.445578 0.295573 0.028912 0.065104
0 0.428146 0.242839 0.022959 0.053385
0 0.472789 0.174479 0.017007 0.044271
0 0.442177 0.196615 0.030612 0.041667
0 0.451956 0.152995 0.028061 0.042969
0 0.460459 0.245443 0.022959 0.040365
0 0.502551 0.150391 0.020408 0.042969
0 0.347364 0.190755 0.029762 0.050781
0 0.366071 0.156250 0.021259 0.039062
0 0.498724 0.072266 0.022959 0.029948
0 0.500000 0.047526 0.020408 0.029948