4 0.061224 0.571615 0.110544 0.101562
0 0.166667 0.626953 0.090136 0.128906
0 0.123299 0.513021 0.062925 0.070312
0 0.019983 0.748698 0.084184 0.106771
0 0.066752 0.646484 0.089286 0.095052
0 0.260204 0.448568 0.079932 0.089844
0 0.311650 0.468750 0.084184 0.098958
0 0.340986 0.384115 0.071429 0.067708
0 0.611820 0.309896 0.051871 0.046875
0 0.625850 0.260417 0.045918 0.036458
0 0.631378 0.154297 0.028061 0.042969
0 0.623724 0.231771 0.038265 0.033854
0 0.392857 0.373698 0.039116 0.065104
0 0.392432 0.319661 0.033163 0.055990
0 0.414116 0.269531 0.028912 0.044271
0 0.443878 0.302083 0.028912 0.065104
0 0.428997 0.244141 0.024660 0.055990
0 0.472364 0.179688 0.017857 0.046875
0 0.441327 0.197917 0.030612 0.041667
0 0.451956 0.152995 0.028061 0.042969
0 0.458759 0.248047 0.022959 0.040365
0 0.506378 0.163411 0.022959 0.048177
0 0.348214 0.193359 0.029762 0.050781
0 0.366922 0.156250 0.021259 0.039062
0 0.497874 0.069661 0.022959 0.029948
0 0.500850 0.047526 0.020408 0.029948