4 0.062925 0.570312 0.110544 0.101562
0 0.166764 0.629856 0.090136 0.128906
0 0.124150 0.516276 0.066327 0.074219
0 0.019983 0.747396 0.084184 0.106771
0 0.066752 0.647786 0.089286 0.095052
0 0.260204 0.447266 0.079932 0.089844
0 0.311650 0.471354 0.084184 0.098958
0 0.341837 0.385417 0.071429 0.067708
0 0.612670 0.311198 0.051871 0.046875
0 0.625850 0.260417 0.045918 0.036458
0 0.630527 0.156901 0.028061 0.042969
0 0.623724 0.230469 0.038265 0.033854
0 0.392857 0.372396 0.039116 0.065104
0 0.391582 0.318359 0.033163 0.055990
0 0.414116 0.269531 0.028912 0.044271
0 0.443878 0.300781 0.028912 0.065104
0 0.428146 0.242839 0.022959 0.053385
0 0.471514 0.180990 0.017857 0.046875
0 0.441327 0.195312 0.030612 0.041667
0 0.452806 0.152995 0.028061 0.042969
0 0.457908 0.249349 0.022959 0.040365
0 0.507653 0.164714 0.023810 0.050781
0 0.348214 0.193359 0.029762 0.050781
0 0.366071 0.156250 0.021259 0.039062
0 0.497874 0.072266 0.022959 0.029948
0 0.500850 0.047526 0.020408 0.029948