4 0.062075 0.571615 0.110544 0.101562
0 0.130952 0.673177 0.102041 0.130208
0 0.126701 0.512370 0.066327 0.074219
0 0.019983 0.747396 0.084184 0.106771
0 0.066752 0.646484 0.089286 0.095052
0 0.257653 0.449870 0.079932 0.089844
0 0.299745 0.481771 0.084184 0.098958
0 0.341837 0.384115 0.071429 0.067708
0 0.611820 0.309896 0.051871 0.046875
0 0.625000 0.260417 0.045918 0.036458
0 0.629677 0.156901 0.028061 0.042969
0 0.623724 0.230469 0.038265 0.033854
0 0.385629 0.381510 0.041667 0.067708
0 0.391582 0.318359 0.034864 0.058594
0 0.414116 0.270833 0.028912 0.044271
0 0.440476 0.305990 0.028912 0.065104
0 0.428997 0.242839 0.024660 0.055990
0 0.471088 0.186849 0.020408 0.050781
0 0.442177 0.197917 0.030612 0.041667
0 0.451956 0.152995 0.028061 0.042969
0 0.456207 0.254557 0.022959 0.040365
0 0.509779 0.192057 0.024660 0.053385
0 0.348214 0.193359 0.029762 0.050781
0 0.366071 0.157552 0.021259 0.039062
0 0.498724 0.070964 0.022959 0.029948
0 0.500000 0.046224 0.020408 0.029948