4 0.062925 0.571615 0.110544 0.101562
0 0.131803 0.673177 0.102041 0.130208
0 0.126701 0.513672 0.066327 0.074219
0 0.019983 0.746094 0.084184 0.106771
0 0.066752 0.646484 0.089286 0.095052
0 0.257653 0.448568 0.079932 0.089844
0 0.298895 0.484375 0.084184 0.098958
0 0.341837 0.385417 0.071429 0.067708
0 0.611820 0.309896 0.051871 0.046875
0 0.625000 0.260417 0.045918 0.036458
0 0.629677 0.156901 0.028061 0.042969
0 0.623724 0.230469 0.038265 0.033854
0 0.384779 0.382812 0.041667 0.067708
0 0.392432 0.317057 0.034864 0.058594
0 0.413265 0.270833 0.028912 0.044271
0 0.440476 0.305990 0.028912 0.065104
0 0.428146 0.242839 0.024660 0.055990
0 0.471939 0.186849 0.020408 0.050781
0 0.442177 0.195312 0.030612 0.041667
0 0.451956 0.154297 0.028061 0.042969
0 0.457058 0.255859 0.022959 0.040365
0 0.509779 0.190755 0.024660 0.053385
0 0.348214 0.193359 0.029762 0.050781
0 0.366071 0.154948 0.021259 0.039062
0 0.498724 0.072266 0.022959 0.029948
0 0.500850 0.046224 0.020408 0.029948