4 0.059231 0.570889 0.110544 0.100111
0 0.129628 0.680285 0.104884 0.130208
0 0.126701 0.514248 0.066327 0.075670
0 0.067602 0.649387 0.089286 0.103760
0 0.256803 0.448418 0.079932 0.092747
0 0.298895 0.486403 0.084184 0.097507
0 0.341837 0.384691 0.071429 0.066257
0 0.610952 0.317864 0.051871 0.046875
0 0.628469 0.264375 0.052857 0.041770
0 0.630527 0.162213 0.028061 0.042969
0 0.621123 0.231120 0.036565 0.032552
0 0.385727 0.382812 0.043562 0.067708
0 0.391565 0.317057 0.034864 0.058594
0 0.415000 0.270833 0.032381 0.044271
0 0.440910 0.307292 0.029779 0.065104
0 0.429430 0.242839 0.023793 0.055990
0 0.472823 0.185521 0.022143 0.050781
0 0.441310 0.196615 0.028878 0.041667
0 0.451105 0.154961 0.028061 0.041641
0 0.455757 0.254557 0.025561 0.040365
0 0.512355 0.190065 0.026411 0.054765
0 0.346063 0.193359 0.027160 0.050781
0 0.366071 0.156276 0.021259 0.041719
0 0.497874 0.072266 0.022959 0.029948
0 0.499983 0.048854 0.020408 0.029948