4 0.059524 0.569010 0.110544 0.098958
0 0.095663 0.684896 0.111395 0.114583
0 0.125850 0.513021 0.066327 0.075521
0 0.066752 0.643880 0.089286 0.102865
0 0.252551 0.449870 0.079932 0.092448
0 0.292092 0.490885 0.084184 0.096354
0 0.340136 0.385417 0.071429 0.065104
0 0.609269 0.317708 0.051871 0.046875
0 0.628401 0.264323 0.052721 0.041667
0 0.630527 0.160807 0.028061 0.042969
0 0.621173 0.229167 0.038265 0.033854
0 0.379677 0.388021 0.045068 0.070312
0 0.390731 0.317057 0.034864 0.058594
0 0.413265 0.269531 0.032313 0.044271
0 0.438350 0.311198 0.029762 0.065104
0 0.428997 0.241536 0.022959 0.055990
0 0.471939 0.186198 0.023810 0.054688
0 0.440901 0.195312 0.028061 0.041667
0 0.451105 0.152995 0.028061 0.040365
0 0.454932 0.258464 0.025510 0.040365
0 0.514881 0.208333 0.026361 0.054688
0 0.345663 0.194661 0.026361 0.050781
0 0.364371 0.156250 0.021259 0.041667
0 0.499150 0.047526 0.020408 0.029948