4 0.059524 0.569010 0.110544 0.098958
0 0.095663 0.692057 0.116497 0.121094
0 0.129252 0.511719 0.066327 0.075521
0 0.066752 0.647786 0.089286 0.102865
0 0.248299 0.453776 0.079932 0.092448
0 0.264031 0.527995 0.084184 0.123698
0 0.341837 0.386068 0.074830 0.069010
0 0.610119 0.317708 0.051871 0.046875
0 0.629252 0.265625 0.052721 0.041667
0 0.629677 0.160807 0.028061 0.042969
0 0.620323 0.230469 0.038265 0.033854
0 0.367772 0.402344 0.043367 0.067708
0 0.389881 0.315755 0.034864 0.058594
0 0.414116 0.268229 0.032313 0.044271
0 0.436224 0.316406 0.030612 0.067708
0 0.428146 0.240234 0.022959 0.055990
0 0.470663 0.195312 0.022959 0.052083
0 0.440051 0.195312 0.028061 0.041667
0 0.450255 0.152995 0.028061 0.040365
0 0.454082 0.267578 0.025510 0.040365
0 0.515731 0.246094 0.026361 0.054688
0 0.344813 0.193359 0.026361 0.050781
0 0.364371 0.156250 0.021259 0.041667
0 0.498299 0.048828 0.020408 0.029948