4 0.059524 0.569010 0.110544 0.098958
0 0.095663 0.693359 0.116497 0.121094
0 0.128401 0.513021 0.066327 0.075521
0 0.066752 0.646484 0.089286 0.102865
0 0.248299 0.456380 0.079932 0.092448
0 0.264031 0.529948 0.087585 0.130208
0 0.341837 0.385417 0.071429 0.065104
0 0.609269 0.316406 0.051871 0.046875
0 0.628401 0.265625 0.052721 0.041667
0 0.630527 0.160807 0.028061 0.042969
0 0.621173 0.229167 0.038265 0.033854
0 0.366922 0.403646 0.043367 0.067708
0 0.390731 0.317057 0.034864 0.058594
0 0.414116 0.269531 0.032313 0.044271
0 0.436224 0.317708 0.030612 0.067708
0 0.429422 0.240885 0.022109 0.052083
0 0.470238 0.192708 0.023810 0.054688
0 0.440901 0.196615 0.028061 0.041667
0 0.450255 0.152995 0.028061 0.040365
0 0.454082 0.267578 0.025510 0.040365
0 0.515731 0.244792 0.026361 0.054688
0 0.344813 0.193359 0.026361 0.050781
0 0.365221 0.154948 0.021259 0.041667
0 0.498299 0.047526 0.020408 0.029948
0 0.292503 0.330947 0.056373 0.065073