4 0.059524 0.569010 0.110544 0.098958
0 0.095663 0.690755 0.116497 0.121094
0 0.130102 0.511719 0.066327 0.075521
0 0.066752 0.647786 0.089286 0.102865
0 0.244898 0.460286 0.079932 0.092448
0 0.258078 0.534505 0.092687 0.136719
0 0.340986 0.384115 0.071429 0.065104
0 0.609269 0.317708 0.051871 0.046875
0 0.629252 0.265625 0.052721 0.041667
0 0.630527 0.160807 0.028061 0.042969
0 0.620323 0.231771 0.038265 0.033854
0 0.364371 0.407552 0.043367 0.067708
0 0.390731 0.315755 0.034864 0.058594
0 0.414966 0.269531 0.032313 0.044271
0 0.435799 0.319010 0.029762 0.065104
0 0.427721 0.240885 0.022109 0.052083
0 0.469388 0.195312 0.023810 0.054688
0 0.440901 0.195312 0.028061 0.041667
0 0.450255 0.154297 0.028061 0.040365
0 0.454082 0.270182 0.025510 0.040365
0 0.515731 0.259115 0.026361 0.054688
0 0.345663 0.194661 0.026361 0.050781
0 0.365221 0.157552 0.021259 0.041667
0 0.498299 0.048828 0.020408 0.029948
0 0.304847 0.313151 0.053571 0.061198