4 0.060374 0.567708 0.110544 0.098958
0 0.094388 0.688802 0.122449 0.127604
0 0.130102 0.511719 0.066327 0.075521
0 0.066752 0.647786 0.089286 0.102865
0 0.238946 0.465495 0.079932 0.092448
0 0.253827 0.539714 0.092687 0.136719
0 0.340136 0.386719 0.071429 0.065104
0 0.609269 0.317708 0.051871 0.046875
0 0.628827 0.264323 0.050170 0.039062
0 0.629677 0.162109 0.028061 0.042969
0 0.620323 0.231771 0.038265 0.033854
0 0.363520 0.412760 0.043367 0.067708
0 0.390731 0.315755 0.036565 0.061198
0 0.413265 0.268229 0.032313 0.044271
0 0.434524 0.319010 0.030612 0.067708
0 0.427296 0.240234 0.022959 0.055990
0 0.469388 0.197917 0.023810 0.054688
0 0.440901 0.195312 0.028061 0.041667
0 0.450255 0.154297 0.028061 0.040365
0 0.453231 0.271484 0.023810 0.037760
0 0.514881 0.273438 0.026361 0.054688
0 0.345663 0.193359 0.026361 0.050781
0 0.366071 0.157552 0.021259 0.041667
0 0.499150 0.047526 0.020408 0.029948
0 0.323554 0.293620 0.053571 0.061198