4 0.058673 0.567708 0.110544 0.098958
0 0.094388 0.686198 0.122449 0.127604
0 0.130952 0.511719 0.066327 0.075521
0 0.066752 0.649089 0.089286 0.102865
0 0.235544 0.468099 0.079932 0.092448
0 0.248299 0.549479 0.096939 0.143229
0 0.340136 0.386719 0.071429 0.065104
0 0.609269 0.317708 0.051871 0.046875
0 0.628401 0.265625 0.052721 0.041667
0 0.629677 0.162109 0.028061 0.042969
0 0.620323 0.230469 0.038265 0.033854
0 0.361820 0.416667 0.045068 0.070312
0 0.391582 0.315755 0.036565 0.061198
0 0.413265 0.269531 0.032313 0.044271
0 0.433673 0.321615 0.030612 0.067708
0 0.427721 0.239583 0.022109 0.052083
0 0.469388 0.200521 0.023810 0.054688
0 0.440901 0.195312 0.028061 0.041667
0 0.451105 0.154297 0.028061 0.040365
0 0.451531 0.272786 0.023810 0.037760
0 0.514881 0.287760 0.026361 0.054688
0 0.344813 0.193359 0.026361 0.050781
0 0.364371 0.157552 0.021259 0.041667
0 0.499150 0.048828 0.020408 0.029948
0 0.335459 0.280599 0.053571 0.061198