4 0.059524 0.567708 0.110544 0.098958
0 0.095238 0.683594 0.122449 0.127604
0 0.129252 0.511719 0.066327 0.075521
0 0.067602 0.647786 0.089286 0.102865
0 0.232143 0.473307 0.079932 0.092448
0 0.236395 0.559896 0.096939 0.143229
0 0.340986 0.385417 0.071429 0.065104
0 0.609269 0.316406 0.051871 0.046875
0 0.629252 0.265625 0.052721 0.041667
0 0.629677 0.160807 0.028061 0.042969
0 0.620323 0.229167 0.038265 0.033854
0 0.359269 0.421875 0.045068 0.070312
0 0.390731 0.315755 0.036565 0.061198
0 0.414116 0.269531 0.032313 0.044271
0 0.433248 0.322917 0.029762 0.065104
0 0.428571 0.240885 0.022109 0.052083
0 0.469388 0.206380 0.025510 0.058594
0 0.440901 0.196615 0.028061 0.041667
0 0.451105 0.152995 0.028061 0.040365
0 0.450680 0.275391 0.025510 0.040365
0 0.514881 0.300781 0.026361 0.054688
0 0.345663 0.193359 0.026361 0.050781
0 0.365221 0.156250 0.021259 0.041667
0 0.498299 0.050130 0.020408 0.029948
0 0.344813 0.267578 0.053571 0.061198