4 0.059524 0.567708 0.110544 0.098958
0 0.095238 0.683594 0.122449 0.127604
0 0.130952 0.511719 0.066327 0.075521
0 0.066752 0.649089 0.089286 0.102865
0 0.231293 0.473307 0.079932 0.092448
0 0.230867 0.565755 0.092687 0.136719
0 0.340136 0.385417 0.071429 0.065104
0 0.609269 0.316406 0.051871 0.046875
0 0.628401 0.265625 0.052721 0.041667
0 0.629677 0.160807 0.028061 0.042969
0 0.619473 0.230469 0.038265 0.033854
0 0.359269 0.420573 0.045068 0.070312
0 0.390731 0.315755 0.036565 0.061198
0 0.414116 0.269531 0.032313 0.044271
0 0.433248 0.324219 0.029762 0.065104
0 0.429422 0.240885 0.022109 0.052083
0 0.469813 0.206380 0.026361 0.061198
0 0.440051 0.196615 0.028061 0.041667
0 0.449405 0.152995 0.028061 0.040365
0 0.450680 0.275391 0.025510 0.040365
0 0.514031 0.303385 0.026361 0.054688
0 0.345663 0.193359 0.026361 0.050781
0 0.365221 0.156250 0.021259 0.041667
0 0.499150 0.047526 0.020408 0.029948
0 0.346088 0.265625 0.051020 0.057292