4 0.058673 0.569010 0.110544 0.098958
0 0.094388 0.684896 0.122449 0.127604
0 0.130102 0.510417 0.066327 0.075521
0 0.066752 0.647786 0.089286 0.102865
0 0.232143 0.472005 0.079932 0.092448
0 0.232568 0.562500 0.087585 0.130208
0 0.340136 0.385417 0.071429 0.065104
0 0.610119 0.316406 0.051871 0.046875
0 0.629252 0.265625 0.052721 0.041667
0 0.630527 0.160807 0.028061 0.042969
0 0.620323 0.230469 0.038265 0.033854
0 0.359269 0.421875 0.043367 0.067708
0 0.389881 0.315755 0.036565 0.061198
0 0.414116 0.269531 0.032313 0.044271
0 0.432398 0.324219 0.029762 0.065104
0 0.428146 0.241536 0.022959 0.055990
0 0.468963 0.206380 0.026361 0.061198
0 0.440901 0.194010 0.028061 0.041667
0 0.450255 0.152995 0.028061 0.040365
0 0.449830 0.274089 0.023810 0.037760
0 0.514031 0.304688 0.026361 0.054688
0 0.346514 0.194661 0.026361 0.050781
0 0.365221 0.156250 0.021259 0.041667
0 0.499150 0.048828 0.020408 0.029948
0 0.346088 0.265625 0.051020 0.057292