4 0.060374 0.569010 0.110544 0.098958
0 0.093537 0.683594 0.122449 0.127604
0 0.130952 0.510417 0.066327 0.075521
0 0.066752 0.649089 0.089286 0.102865
0 0.223639 0.483724 0.079932 0.092448
0 0.212160 0.587240 0.087585 0.130208
0 0.340136 0.388021 0.071429 0.065104
0 0.609269 0.317708 0.051871 0.046875
0 0.628401 0.265625 0.052721 0.041667
0 0.629677 0.159505 0.028061 0.042969
0 0.620323 0.229167 0.038265 0.033854
0 0.345663 0.429688 0.045068 0.070312
0 0.391582 0.314453 0.036565 0.061198
0 0.413265 0.270833 0.032313 0.044271
0 0.426020 0.334635 0.030612 0.067708
0 0.428146 0.242839 0.022959 0.055990
0 0.466412 0.212891 0.028061 0.063802
0 0.440901 0.195312 0.028061 0.041667
0 0.450255 0.152995 0.028061 0.040365
0 0.446429 0.283203 0.025510 0.040365
0 0.500425 0.373698 0.029762 0.062500
0 0.345663 0.194661 0.026361 0.050781
0 0.366071 0.156250 0.021259 0.041667
0 0.499150 0.047526 0.020408 0.029948
0 0.375425 0.213542 0.053571 0.059896