4 0.059524 0.567708 0.110544 0.098958
0 0.130952 0.511719 0.066327 0.075521
0 0.065901 0.646484 0.089286 0.102865
0 0.221088 0.486328 0.079932 0.092448
0 0.206207 0.589844 0.087585 0.130208
0 0.340136 0.389323 0.071429 0.065104
0 0.609269 0.316406 0.051871 0.046875
0 0.628401 0.265625 0.052721 0.041667
0 0.628827 0.159505 0.028061 0.042969
0 0.620323 0.229167 0.038265 0.033854
0 0.343112 0.433594 0.045068 0.070312
0 0.390731 0.315755 0.036565 0.061198
0 0.414116 0.268229 0.032313 0.044271
0 0.424320 0.335938 0.030612 0.067708
0 0.427296 0.241536 0.022959 0.055990
0 0.465561 0.214193 0.028061 0.063802
0 0.439201 0.195312 0.028061 0.041667
0 0.448554 0.152995 0.028061 0.040365
0 0.445578 0.284505 0.025510 0.040365
0 0.500425 0.381510 0.041667 0.080729
0 0.344813 0.193359 0.026361 0.050781
0 0.364371 0.156250 0.021259 0.041667
0 0.498299 0.047526 0.020408 0.029948
0 0.387755 0.203776 0.037415 0.055990