4 0.058673 0.570312 0.110544 0.098958
0 0.131803 0.511068 0.062925 0.071615
0 0.066752 0.647786 0.089286 0.102865
0 0.216837 0.492839 0.079932 0.092448
0 0.195153 0.602865 0.087585 0.130208
0 0.340136 0.390625 0.071429 0.065104
0 0.607993 0.315104 0.049320 0.044271
0 0.627551 0.265625 0.052721 0.041667
0 0.630527 0.158203 0.028061 0.042969
0 0.621173 0.229167 0.038265 0.033854
0 0.337160 0.440104 0.045068 0.070312
0 0.390731 0.314453 0.038265 0.063802
0 0.413265 0.269531 0.032313 0.044271
0 0.420068 0.342448 0.030612 0.067708
0 0.427296 0.240885 0.021259 0.052083
0 0.465136 0.219401 0.028912 0.066406
0 0.440051 0.195312 0.028061 0.041667
0 0.447704 0.152995 0.028061 0.040365
0 0.442177 0.292318 0.025510 0.040365
0 0.485969 0.443359 0.043367 0.084635
0 0.345663 0.193359 0.026361 0.050781
0 0.364371 0.154948 0.021259 0.041667
0 0.499150 0.048828 0.020408 0.029948
0 0.405612 0.162109 0.037415 0.055990