4 0.059524 0.569010 0.110544 0.098958
0 0.131803 0.511719 0.066327 0.075521
0 0.065901 0.647786 0.089286 0.102865
0 0.216837 0.492839 0.079932 0.092448
0 0.196429 0.600911 0.091837 0.136719
0 0.339286 0.390625 0.071429 0.065104
0 0.607993 0.316406 0.049320 0.044271
0 0.628401 0.265625 0.052721 0.041667
0 0.629677 0.158203 0.028061 0.042969
0 0.620748 0.229167 0.035714 0.031250
0 0.337160 0.440104 0.045068 0.070312
0 0.391582 0.314453 0.038265 0.063802
0 0.413265 0.269531 0.032313 0.044271
0 0.420068 0.341146 0.030612 0.067708
0 0.428146 0.242839 0.022959 0.055990
0 0.465136 0.218099 0.028912 0.066406
0 0.440051 0.196615 0.028061 0.041667
0 0.449405 0.152995 0.028061 0.040365
0 0.443027 0.291016 0.025510 0.040365
0 0.484269 0.447266 0.048469 0.092448
0 0.345663 0.193359 0.026361 0.050781
0 0.365221 0.154948 0.021259 0.041667
0 0.498299 0.048828 0.020408 0.029948
0 0.405612 0.162109 0.037415 0.055990