4 0.059524 0.570312 0.110544 0.098958
0 0.131803 0.509115 0.066327 0.075521
0 0.065901 0.646484 0.089286 0.102865
0 0.216837 0.492839 0.079932 0.092448
0 0.192177 0.606120 0.091837 0.136719
0 0.339286 0.393229 0.071429 0.065104
0 0.607993 0.316406 0.049320 0.044271
0 0.628401 0.264323 0.052721 0.041667
0 0.630527 0.159505 0.028061 0.042969
0 0.619898 0.229167 0.035714 0.031250
0 0.335459 0.441406 0.045068 0.070312
0 0.389881 0.314453 0.038265 0.063802
0 0.413265 0.269531 0.032313 0.044271
0 0.419218 0.345052 0.030612 0.067708
0 0.427296 0.242188 0.021259 0.052083
0 0.465136 0.218750 0.032313 0.072917
0 0.440051 0.195312 0.028061 0.041667
0 0.448554 0.154297 0.028061 0.040365
0 0.440476 0.293620 0.025510 0.040365
0 0.477466 0.472005 0.048469 0.092448
0 0.344813 0.194661 0.026361 0.050781
0 0.366071 0.154948 0.021259 0.041667
0 0.499150 0.048828 0.020408 0.029948
0 0.410714 0.150391 0.037415 0.055990