4 0.059524 0.570312 0.110544 0.098958
0 0.131803 0.509115 0.066327 0.075521
0 0.065901 0.647786 0.089286 0.102865
0 0.216837 0.494141 0.079932 0.092448
0 0.183673 0.612630 0.091837 0.136719
0 0.337585 0.393229 0.071429 0.065104
0 0.608844 0.315104 0.049320 0.044271
0 0.628401 0.264323 0.052721 0.041667
0 0.629677 0.158203 0.028061 0.042969
0 0.620323 0.227865 0.038265 0.033854
0 0.332058 0.444010 0.045068 0.070312
0 0.391582 0.315755 0.038265 0.063802
0 0.414116 0.269531 0.032313 0.044271
0 0.416667 0.347656 0.030612 0.067708
0 0.428146 0.242839 0.022959 0.055990
0 0.465136 0.220052 0.032313 0.072917
0 0.440051 0.196615 0.028061 0.041667
0 0.449405 0.152995 0.028061 0.040365
0 0.439201 0.298177 0.028061 0.044271
0 0.471514 0.501953 0.050170 0.097656
0 0.344813 0.193359 0.026361 0.050781
0 0.365221 0.154948 0.021259 0.041667
0 0.499150 0.048828 0.020408 0.029948
0 0.414541 0.137370 0.033163 0.050781