4 0.058673 0.570312 0.110544 0.098958
0 0.131803 0.511068 0.062925 0.071615
0 0.066752 0.647786 0.089286 0.102865
0 0.215136 0.495443 0.079932 0.092448
0 0.178571 0.619141 0.091837 0.136719
0 0.335884 0.391927 0.071429 0.065104
0 0.608844 0.315104 0.049320 0.044271
0 0.628401 0.264323 0.052721 0.041667
0 0.629677 0.158203 0.028061 0.042969
0 0.620323 0.227865 0.038265 0.033854
0 0.330357 0.445312 0.045068 0.070312
0 0.390731 0.313151 0.038265 0.063802
0 0.413265 0.270833 0.032313 0.044271
0 0.416667 0.350260 0.030612 0.067708
0 0.428146 0.241536 0.022959 0.055990
0 0.464286 0.220052 0.032313 0.072917
0 0.440051 0.196615 0.028061 0.041667
0 0.447704 0.152995 0.028061 0.040365
0 0.439201 0.299479 0.028061 0.044271
0 0.465986 0.525391 0.052721 0.102865
0 0.344813 0.192057 0.026361 0.050781
0 0.365221 0.156250 0.021259 0.041667
0 0.499150 0.050130 0.020408 0.029948
0 0.420493 0.128255 0.033163 0.050781