4 0.059524 0.569010 0.110544 0.098958
0 0.130952 0.511068 0.062925 0.071615
0 0.066752 0.646484 0.089286 0.102865
0 0.214286 0.497396 0.083333 0.096354
0 0.169218 0.626953 0.091837 0.136719
0 0.335034 0.394531 0.071429 0.065104
0 0.607993 0.316406 0.049320 0.044271
0 0.628401 0.264323 0.052721 0.041667
0 0.629677 0.156901 0.028061 0.042969
0 0.621173 0.229167 0.038265 0.033854
0 0.328656 0.447917 0.045068 0.070312
0 0.390731 0.313151 0.038265 0.063802
0 0.413265 0.270833 0.032313 0.044271
0 0.413265 0.352865 0.030612 0.067708
0 0.427296 0.241536 0.022959 0.055990
0 0.464286 0.221354 0.032313 0.072917
0 0.439201 0.196615 0.028061 0.041667
0 0.447704 0.152995 0.028061 0.040365
0 0.437500 0.304688 0.028061 0.044271
0 0.458333 0.568359 0.056122 0.108073
0 0.345663 0.194661 0.026361 0.050781
0 0.364371 0.156250 0.021259 0.041667
0 0.499150 0.047526 0.020408 0.029948
0 0.427296 0.116536 0.033163 0.050781