4 0.059524 0.569010 0.110544 0.098958
0 0.131803 0.511068 0.062925 0.071615
0 0.066752 0.647786 0.089286 0.102865
0 0.215136 0.498698 0.083333 0.096354
0 0.170068 0.626953 0.091837 0.136719
0 0.335034 0.393229 0.071429 0.065104
0 0.608844 0.316406 0.049320 0.044271
0 0.627976 0.263672 0.055272 0.042969
0 0.629677 0.158203 0.028061 0.042969
0 0.621173 0.230469 0.038265 0.033854
0 0.328656 0.449219 0.045068 0.070312
0 0.391582 0.314453 0.038265 0.063802
0 0.414116 0.270833 0.032313 0.044271
0 0.414116 0.352865 0.030612 0.067708
0 0.428146 0.241536 0.022959 0.055990
0 0.464286 0.221354 0.032313 0.072917
0 0.439201 0.195312 0.028061 0.041667
0 0.448554 0.151693 0.028061 0.040365
0 0.437500 0.303385 0.028061 0.044271
0 0.460229 0.570109 0.061809 0.116781
0 0.345663 0.192057 0.026361 0.050781
0 0.365221 0.156250 0.021259 0.041667
0 0.499150 0.050130 0.020408 0.029948
0 0.426446 0.115234 0.033163 0.050781