4 0.058673 0.570312 0.110544 0.098958
0 0.131803 0.510417 0.066327 0.075521
0 0.065901 0.647786 0.089286 0.102865
0 0.211735 0.502604 0.083333 0.096354
0 0.139456 0.651693 0.091837 0.136719
0 0.327381 0.401042 0.071429 0.065104
0 0.608844 0.315104 0.049320 0.044271
0 0.628827 0.264974 0.055272 0.042969
0 0.630527 0.158203 0.028061 0.042969
0 0.621173 0.227865 0.038265 0.033854
0 0.321003 0.457031 0.046769 0.072917
0 0.391582 0.313151 0.038265 0.063802
0 0.413265 0.270833 0.032313 0.044271
0 0.407738 0.363281 0.031463 0.070312
0 0.428146 0.242839 0.022959 0.055990
0 0.465986 0.223307 0.034014 0.076823
0 0.440051 0.195312 0.028061 0.041667
0 0.447704 0.152995 0.028061 0.040365
0 0.435799 0.309896 0.028061 0.044271
0 0.451531 0.742188 0.068027 0.127604
0 0.344813 0.194661 0.026361 0.050781
0 0.365221 0.157552 0.021259 0.041667
0 0.498299 0.050130 0.020408 0.029948
0 0.449405 0.081380 0.033163 0.050781