4 0.059524 0.569010 0.110544 0.098958
0 0.132653 0.510417 0.066327 0.075521
0 0.065901 0.647786 0.089286 0.102865
0 0.211735 0.503906 0.083333 0.096354
0 0.138605 0.652995 0.091837 0.136719
0 0.325680 0.402344 0.071429 0.065104
0 0.608844 0.316406 0.049320 0.044271
0 0.628401 0.266276 0.057823 0.045573
0 0.630527 0.158203 0.028061 0.042969
0 0.622024 0.227865 0.038265 0.033854
0 0.320153 0.454427 0.046769 0.072917
0 0.389881 0.313151 0.038265 0.063802
0 0.413265 0.269531 0.032313 0.044271
0 0.407738 0.361979 0.031463 0.070312
0 0.428146 0.242839 0.022959 0.055990
0 0.465136 0.222005 0.034014 0.076823
0 0.440051 0.195312 0.028061 0.041667
0 0.449405 0.151693 0.028061 0.040365
0 0.434949 0.311198 0.028061 0.044271
0 0.452381 0.746094 0.068027 0.127604
0 0.344813 0.194661 0.026361 0.050781
0 0.366071 0.157552 0.021259 0.041667
0 0.499150 0.048828 0.020408 0.029948
0 0.448554 0.080078 0.033163 0.050781