4 0.059524 0.569010 0.110544 0.098958
0 0.131803 0.509115 0.066327 0.075521
0 0.065901 0.649089 0.089286 0.102865
0 0.210884 0.506510 0.083333 0.096354
0 0.130102 0.658203 0.091837 0.136719
0 0.324830 0.403646 0.074830 0.067708
0 0.608844 0.316406 0.049320 0.044271
0 0.627976 0.264974 0.055272 0.042969
0 0.629677 0.158203 0.028061 0.042969
0 0.621173 0.230469 0.038265 0.033854
0 0.319303 0.458333 0.046769 0.072917
0 0.390731 0.315755 0.038265 0.063802
0 0.413265 0.272135 0.032313 0.044271
0 0.406888 0.365234 0.033163 0.074219
0 0.428146 0.242839 0.022959 0.055990
0 0.465136 0.223307 0.034014 0.076823
0 0.440051 0.196615 0.028061 0.041667
0 0.448980 0.152344 0.028912 0.041667
0 0.434099 0.309896 0.028061 0.044271
0 0.460459 0.805339 0.060374 0.149740
0 0.345663 0.193359 0.026361 0.050781
0 0.364371 0.157552 0.021259 0.041667
0 0.498299 0.050130 0.020408 0.029948
0 0.455357 0.070964 0.033163 0.050781