4 0.058673 0.569010 0.110544 0.098958
0 0.131803 0.509115 0.066327 0.075521
0 0.065901 0.646484 0.089286 0.102865
0 0.210884 0.507812 0.083333 0.096354
0 0.124150 0.663411 0.091837 0.136719
0 0.323129 0.404297 0.078231 0.071615
0 0.608844 0.316406 0.049320 0.044271
0 0.628827 0.266276 0.055272 0.042969
0 0.629677 0.158203 0.028061 0.042969
0 0.620748 0.229167 0.035714 0.031250
0 0.316752 0.459635 0.046769 0.072917
0 0.390731 0.313151 0.038265 0.063802
0 0.413265 0.272135 0.032313 0.044271
0 0.406037 0.369141 0.033163 0.074219
0 0.428146 0.242839 0.022959 0.055990
0 0.465136 0.224609 0.034014 0.076823
0 0.440051 0.195312 0.028061 0.041667
0 0.448554 0.152344 0.028061 0.039062
0 0.434949 0.311198 0.028061 0.044271
0 0.468112 0.854818 0.060374 0.149740
0 0.345663 0.194661 0.026361 0.050781
0 0.364371 0.157552 0.021259 0.041667
0 0.498299 0.048828 0.020408 0.029948
0 0.459609 0.064453 0.033163 0.050781