4 0.057823 0.569010 0.110544 0.098958
0 0.131803 0.509115 0.066327 0.075521
0 0.065901 0.645182 0.089286 0.102865
0 0.222789 0.533854 0.066327 0.127604
0 0.122449 0.664714 0.091837 0.136719
0 0.323129 0.404297 0.078231 0.071615
0 0.607143 0.317708 0.049320 0.044271
0 0.628401 0.264974 0.057823 0.045573
0 0.629677 0.158203 0.028061 0.042969
0 0.621173 0.229167 0.038265 0.033854
0 0.316752 0.460938 0.046769 0.072917
0 0.390731 0.314453 0.038265 0.063802
0 0.414116 0.270833 0.032313 0.044271
0 0.406037 0.369141 0.033163 0.074219
0 0.428146 0.242839 0.022959 0.055990
0 0.464286 0.224609 0.034014 0.076823
0 0.440051 0.194010 0.028061 0.041667
0 0.447704 0.152344 0.028061 0.039062
0 0.433248 0.312500 0.028061 0.044271
0 0.471939 0.863932 0.062925 0.157552
0 0.344813 0.193359 0.026361 0.050781
0 0.365221 0.156250 0.021259 0.041667
0 0.496599 0.047526 0.020408 0.029948
0 0.462160 0.060547 0.033163 0.050781