4 0.058673 0.569010 0.110544 0.098958
0 0.132653 0.509115 0.066327 0.075521
0 0.063350 0.646484 0.089286 0.102865
0 0.217687 0.541667 0.066327 0.127604
0 0.115646 0.672526 0.102041 0.136719
0 0.317177 0.406901 0.078231 0.071615
0 0.606293 0.317057 0.051020 0.045573
0 0.629252 0.266276 0.057823 0.045573
0 0.629677 0.158203 0.028061 0.042969
0 0.622024 0.227865 0.038265 0.033854
0 0.311650 0.470052 0.046769 0.072917
0 0.390731 0.314453 0.038265 0.063802
0 0.414116 0.270833 0.032313 0.044271
0 0.404337 0.373047 0.033163 0.074219
0 0.428146 0.241536 0.022959 0.055990
0 0.464286 0.224609 0.034014 0.076823
0 0.439201 0.194010 0.028061 0.041667
0 0.447704 0.153646 0.028061 0.039062
0 0.431548 0.312500 0.028061 0.044271
0 0.343963 0.194661 0.026361 0.050781
0 0.365221 0.154948 0.021259 0.041667
0 0.496599 0.047526 0.020408 0.029948
0 0.473214 0.042318 0.031463 0.048177