4 0.057823 0.569010 0.110544 0.098958
0 0.131803 0.508464 0.062925 0.071615
0 0.065051 0.646484 0.089286 0.102865
0 0.215986 0.546875 0.066327 0.127604
0 0.116666 0.676432 0.119386 0.136719
0 0.314201 0.407552 0.073980 0.067708
0 0.607143 0.316406 0.049320 0.044271
0 0.628401 0.264974 0.057823 0.045573
0 0.630527 0.158203 0.028061 0.042969
0 0.621173 0.227865 0.038265 0.033854
0 0.308248 0.471354 0.048469 0.075521
0 0.389881 0.314453 0.038265 0.063802
0 0.414116 0.269531 0.032313 0.044271
0 0.404337 0.374349 0.033163 0.074219
0 0.427296 0.241536 0.022959 0.055990
0 0.464286 0.224609 0.034014 0.076823
0 0.439201 0.196615 0.028061 0.041667
0 0.448554 0.151042 0.028061 0.039062
0 0.431122 0.314453 0.028912 0.045573
0 0.343963 0.194661 0.026361 0.050781
0 0.365221 0.157552 0.021259 0.041667
0 0.495748 0.047526 0.020408 0.029948
0 0.478316 0.037109 0.029762 0.045573