4 0.058673 0.570312 0.110544 0.098958
0 0.130952 0.507161 0.062925 0.071615
0 0.065901 0.646484 0.089286 0.102865
0 0.214286 0.550781 0.066327 0.127604
0 0.112245 0.677734 0.119048 0.136719
0 0.314626 0.408203 0.081633 0.074219
0 0.606293 0.316406 0.049320 0.044271
0 0.628401 0.266276 0.057823 0.045573
0 0.630527 0.158203 0.028061 0.042969
0 0.621173 0.229167 0.038265 0.033854
0 0.305697 0.476562 0.046769 0.072917
0 0.389881 0.315755 0.038265 0.063802
0 0.413265 0.270833 0.032313 0.044271
0 0.402636 0.375651 0.033163 0.074219
0 0.428146 0.241536 0.022959 0.055990
0 0.464286 0.224609 0.034014 0.076823
0 0.438776 0.194661 0.028912 0.042969
0 0.448554 0.153646 0.028061 0.039062
0 0.431122 0.314453 0.028912 0.045573
0 0.343963 0.193359 0.026361 0.050781
0 0.365221 0.156250 0.021259 0.041667
0 0.497449 0.047526 0.020408 0.029948
0 0.482568 0.031901 0.029762 0.045573