4 0.058673 0.569010 0.110544 0.098958
0 0.119048 0.513672 0.062925 0.071615
0 0.064201 0.643880 0.089286 0.102865
0 0.207483 0.565104 0.073129 0.140625
0 0.097789 0.690755 0.130952 0.149740
0 0.305697 0.416667 0.073980 0.067708
0 0.607143 0.316406 0.049320 0.044271
0 0.627551 0.264974 0.057823 0.045573
0 0.629677 0.159505 0.028061 0.042969
0 0.619898 0.227865 0.035714 0.031250
0 0.301446 0.480469 0.048469 0.075521
0 0.386480 0.317708 0.041667 0.070312
0 0.413265 0.272135 0.032313 0.044271
0 0.397534 0.376953 0.033163 0.074219
0 0.428146 0.242839 0.022959 0.055990
0 0.463435 0.225260 0.039116 0.088542
0 0.440051 0.194010 0.028061 0.041667
0 0.448554 0.151042 0.028061 0.039062
0 0.430272 0.317057 0.028912 0.045573
0 0.343963 0.193359 0.026361 0.050781
0 0.364371 0.156250 0.021259 0.041667
0 0.496599 0.050130 0.020408 0.029948