4 0.057823 0.570312 0.110544 0.098958
0 0.119048 0.512370 0.062925 0.071615
0 0.065051 0.643880 0.089286 0.102865
0 0.205782 0.567708 0.073129 0.140625
0 0.098639 0.692057 0.137755 0.157552
0 0.305697 0.417969 0.073980 0.067708
0 0.607143 0.316406 0.049320 0.044271
0 0.628401 0.264974 0.057823 0.045573
0 0.630527 0.156901 0.028061 0.042969
0 0.619473 0.229167 0.038265 0.033854
0 0.301446 0.480469 0.048469 0.075521
0 0.387330 0.317708 0.041667 0.070312
0 0.414116 0.270833 0.032313 0.044271
0 0.397534 0.375651 0.033163 0.074219
0 0.428146 0.242839 0.022959 0.055990
0 0.464286 0.227214 0.037415 0.084635
0 0.439201 0.195312 0.028061 0.041667
0 0.448554 0.152344 0.028061 0.039062
0 0.429422 0.315755 0.028912 0.045573
0 0.343963 0.194661 0.026361 0.050781
0 0.365221 0.156250 0.021259 0.041667
0 0.496599 0.047526 0.020408 0.029948