4 0.057823 0.569010 0.110544 0.098958
0 0.102041 0.519531 0.066327 0.075521
0 0.064201 0.645182 0.089286 0.102865
0 0.202806 0.574219 0.077381 0.148438
0 0.090986 0.701172 0.144558 0.165365
0 0.302296 0.419271 0.073980 0.067708
0 0.607143 0.315104 0.049320 0.044271
0 0.627551 0.266276 0.057823 0.045573
0 0.629677 0.158203 0.028061 0.042969
0 0.619898 0.229167 0.035714 0.031250
0 0.299745 0.483073 0.046769 0.072917
0 0.383929 0.320964 0.039966 0.066406
0 0.413265 0.270833 0.032313 0.044271
0 0.396684 0.382161 0.033163 0.074219
0 0.428146 0.240885 0.021259 0.052083
0 0.464286 0.227865 0.039116 0.088542
0 0.438776 0.195964 0.028912 0.042969
0 0.447704 0.153646 0.028061 0.039062
0 0.428571 0.318359 0.028912 0.045573
0 0.344813 0.194661 0.026361 0.050781
0 0.365221 0.156250 0.021259 0.041667
0 0.496599 0.047526 0.020408 0.029948