4 0.058673 0.571615 0.110544 0.098958
0 0.099490 0.520833 0.066327 0.075521
0 0.063350 0.645182 0.089286 0.102865
0 0.202806 0.574219 0.077381 0.148438
0 0.090986 0.702474 0.144558 0.165365
0 0.301020 0.418620 0.078231 0.071615
0 0.607143 0.316406 0.049320 0.044271
0 0.627551 0.264974 0.057823 0.045573
0 0.629677 0.158203 0.028061 0.042969
0 0.620748 0.227865 0.035714 0.031250
0 0.298895 0.481771 0.046769 0.072917
0 0.383078 0.322266 0.039966 0.066406
0 0.413265 0.272135 0.032313 0.044271
0 0.396684 0.382161 0.033163 0.074219
0 0.428146 0.240885 0.021259 0.052083
0 0.464286 0.226562 0.039116 0.088542
0 0.438776 0.195964 0.028912 0.042969
0 0.447704 0.153646 0.028061 0.039062
0 0.428571 0.318359 0.028912 0.045573
0 0.343963 0.193359 0.026361 0.050781
0 0.364371 0.156250 0.021259 0.041667
0 0.496599 0.047526 0.020408 0.029948