4 0.057823 0.569010 0.110544 0.098958
0 0.065051 0.645182 0.089286 0.102865
0 0.199405 0.579427 0.077381 0.148438
0 0.087585 0.702474 0.144558 0.165365
0 0.299320 0.421224 0.078231 0.071615
0 0.607143 0.317708 0.049320 0.044271
0 0.627551 0.264974 0.057823 0.045573
0 0.629677 0.158203 0.028061 0.042969
0 0.620323 0.229167 0.038265 0.033854
0 0.298044 0.483073 0.046769 0.072917
0 0.382228 0.323568 0.039966 0.066406
0 0.413265 0.270833 0.032313 0.044271
0 0.391582 0.384766 0.033163 0.074219
0 0.428146 0.242188 0.021259 0.052083
0 0.463435 0.227865 0.039116 0.088542
0 0.439201 0.195312 0.028061 0.041667
0 0.447704 0.153646 0.028061 0.039062
0 0.427721 0.319661 0.028912 0.045573
0 0.343963 0.193359 0.026361 0.050781
0 0.364371 0.156250 0.021259 0.041667
0 0.497449 0.048828 0.020408 0.029948