4 0.058673 0.570312 0.110544 0.098958
0 0.064201 0.646484 0.089286 0.102865
0 0.200255 0.579427 0.077381 0.148438
0 0.087585 0.705078 0.144558 0.165365
0 0.300170 0.422526 0.078231 0.071615
0 0.607143 0.316406 0.049320 0.044271
0 0.627551 0.266276 0.057823 0.045573
0 0.630527 0.159505 0.028061 0.042969
0 0.619898 0.227865 0.035714 0.031250
0 0.298895 0.484375 0.046769 0.072917
0 0.382228 0.324219 0.041667 0.070312
0 0.414116 0.270833 0.032313 0.044271
0 0.391582 0.387370 0.033163 0.074219
0 0.428146 0.242839 0.022959 0.055990
0 0.462585 0.226562 0.039116 0.088542
0 0.439201 0.195312 0.028061 0.041667
0 0.446854 0.153646 0.028061 0.039062
0 0.427721 0.319661 0.028912 0.045573
0 0.344813 0.193359 0.026361 0.050781
0 0.364371 0.156250 0.021259 0.041667
0 0.497449 0.048828 0.020408 0.029948