4 0.057823 0.570312 0.110544 0.098958
0 0.063350 0.646484 0.089286 0.102865
0 0.197704 0.583333 0.077381 0.148438
0 0.085884 0.705078 0.144558 0.165365
0 0.297619 0.423828 0.078231 0.071615
0 0.607143 0.317708 0.049320 0.044271
0 0.628401 0.264974 0.057823 0.045573
0 0.630527 0.159505 0.028061 0.042969
0 0.619898 0.227865 0.035714 0.031250
0 0.298044 0.484375 0.046769 0.072917
0 0.380527 0.326823 0.041667 0.070312
0 0.414116 0.270833 0.032313 0.044271
0 0.389881 0.386068 0.033163 0.074219
0 0.428146 0.241536 0.022959 0.055990
0 0.463435 0.226562 0.039116 0.088542
0 0.440051 0.196615 0.028061 0.041667
0 0.447279 0.151693 0.028912 0.040365
0 0.426020 0.320964 0.028912 0.045573
0 0.343963 0.193359 0.026361 0.050781
0 0.364371 0.156250 0.021259 0.041667
0 0.497449 0.047526 0.020408 0.029948