4 0.057823 0.569010 0.110544 0.098958
0 0.063350 0.645182 0.089286 0.102865
0 0.197704 0.584635 0.077381 0.148438
0 0.085459 0.707031 0.152211 0.174479
0 0.296769 0.425130 0.078231 0.071615
0 0.607143 0.316406 0.049320 0.044271
0 0.628401 0.266276 0.057823 0.045573
0 0.629677 0.156901 0.028061 0.042969
0 0.620323 0.229167 0.038265 0.033854
0 0.297194 0.484375 0.046769 0.072917
0 0.378827 0.328125 0.041667 0.070312
0 0.413265 0.270833 0.032313 0.044271
0 0.389881 0.387370 0.033163 0.074219
0 0.428146 0.241536 0.022959 0.055990
0 0.463435 0.225260 0.039116 0.088542
0 0.440051 0.195312 0.028061 0.041667
0 0.447704 0.152344 0.028061 0.039062
0 0.426020 0.322266 0.028912 0.045573
0 0.343963 0.193359 0.026361 0.050781
0 0.364371 0.154948 0.021259 0.041667
0 0.496599 0.048828 0.020408 0.029948