4 0.058673 0.568320 0.110544 0.102942
0 0.061650 0.646484 0.089286 0.102865
0 0.191327 0.590495 0.085034 0.162760
0 0.073317 0.690431 0.127927 0.141279
0 0.289966 0.431641 0.078231 0.071615
0 0.607993 0.317708 0.049320 0.044271
0 0.629252 0.264974 0.057823 0.045573
0 0.630527 0.158203 0.028061 0.042969
0 0.620323 0.229167 0.038265 0.033854
0 0.307227 0.487656 0.065032 0.074323
0 0.373724 0.333984 0.039966 0.066406
0 0.413265 0.270833 0.032313 0.044271
0 0.386480 0.389974 0.033163 0.074219
0 0.427296 0.241536 0.022959 0.055990
0 0.454763 0.288979 0.039116 0.088542
0 0.440051 0.195312 0.028061 0.041667
0 0.448554 0.153646 0.028061 0.039062
0 0.428206 0.327474 0.033248 0.045573
0 0.344813 0.194661 0.026361 0.050781
0 0.365221 0.157552 0.021259 0.041667
0 0.497449 0.048828 0.020408 0.029948