4 0.056973 0.567057 0.110544 0.102865
0 0.061650 0.646484 0.089286 0.102865
0 0.185374 0.594401 0.085034 0.162760
0 0.073129 0.690104 0.127551 0.140625
0 0.280612 0.438151 0.078231 0.071615
0 0.607993 0.315104 0.049320 0.044271
0 0.627551 0.264974 0.057823 0.045573
0 0.630527 0.156901 0.028061 0.042969
0 0.618622 0.229167 0.038265 0.033854
0 0.303571 0.487630 0.064626 0.074219
0 0.366922 0.341797 0.039966 0.066406
0 0.412415 0.269531 0.032313 0.044271
0 0.385629 0.392578 0.033163 0.074219
0 0.426446 0.241536 0.022959 0.055990
0 0.453231 0.291016 0.040816 0.092448
0 0.440901 0.194010 0.028061 0.041667
0 0.448554 0.153646 0.028061 0.039062
0 0.426446 0.331380 0.033163 0.045573
0 0.343112 0.192057 0.026361 0.050781
0 0.365221 0.156250 0.021259 0.041667
0 0.497449 0.047526 0.020408 0.029948
0 0.312925 0.322917 0.057823 0.057292