4 0.056973 0.568359 0.110544 0.102865
0 0.060799 0.645182 0.089286 0.102865
0 0.186224 0.594401 0.085034 0.162760
0 0.073980 0.691406 0.127551 0.140625
0 0.270833 0.445312 0.073980 0.067708
0 0.607993 0.316406 0.049320 0.044271
0 0.628401 0.262370 0.057823 0.045573
0 0.630527 0.156901 0.028061 0.042969
0 0.618622 0.229167 0.038265 0.033854
0 0.302721 0.487630 0.068027 0.076823
0 0.362670 0.345703 0.039966 0.066406
0 0.412415 0.269531 0.032313 0.044271
0 0.384779 0.392578 0.033163 0.074219
0 0.427296 0.241536 0.022959 0.055990
0 0.453231 0.291016 0.040816 0.092448
0 0.439626 0.193359 0.028912 0.042969
0 0.449405 0.153646 0.028061 0.039062
0 0.424745 0.336589 0.033163 0.045573
0 0.343963 0.193359 0.026361 0.050781
0 0.364371 0.156250 0.021259 0.041667
0 0.496599 0.048828 0.020408 0.029948
0 0.323554 0.312500 0.055272 0.054688