4 0.056973 0.568359 0.110544 0.102865
0 0.060799 0.645182 0.089286 0.102865
0 0.185374 0.595703 0.085034 0.162760
0 0.073980 0.691406 0.127551 0.140625
0 0.269983 0.445312 0.073980 0.067708
0 0.607993 0.316406 0.049320 0.044271
0 0.627551 0.262370 0.057823 0.045573
0 0.630527 0.156901 0.028061 0.042969
0 0.618622 0.229167 0.038265 0.033854
0 0.301871 0.489583 0.071429 0.080729
0 0.363520 0.345703 0.041667 0.069010
0 0.411565 0.269531 0.032313 0.044271
0 0.383078 0.392578 0.033163 0.074219
0 0.427296 0.241536 0.022959 0.055990
0 0.454082 0.291667 0.039116 0.088542
0 0.440051 0.194010 0.028061 0.041667
0 0.448554 0.152344 0.028061 0.039062
0 0.424745 0.335286 0.033163 0.045573
0 0.344813 0.194661 0.026361 0.050781
0 0.365221 0.156250 0.021259 0.041667
0 0.497449 0.046224 0.020408 0.029948
0 0.323554 0.309896 0.055272 0.054688