4 0.056973 0.568359 0.110544 0.102865
0 0.062500 0.645182 0.089286 0.102865
0 0.186224 0.597005 0.085034 0.162760
0 0.073129 0.690104 0.127551 0.140625
0 0.238095 0.465495 0.078231 0.071615
0 0.607143 0.315104 0.049320 0.044271
0 0.628401 0.263672 0.057823 0.045573
0 0.630527 0.158203 0.028061 0.042969
0 0.618197 0.229167 0.035714 0.031250
0 0.301871 0.490234 0.064626 0.074219
0 0.336310 0.371745 0.041667 0.069010
0 0.411565 0.270833 0.032313 0.044271
0 0.377551 0.397135 0.035714 0.080729
0 0.426446 0.240234 0.022959 0.055990
0 0.452381 0.293620 0.040816 0.092448
0 0.439201 0.195312 0.028061 0.041667
0 0.448554 0.153646 0.028061 0.039062
0 0.416241 0.348307 0.033163 0.045573
0 0.343963 0.192057 0.026361 0.050781
0 0.364371 0.157552 0.021259 0.041667
0 0.496599 0.048828 0.020408 0.029948
0 0.369048 0.247396 0.047619 0.046875