4 0.056122 0.568359 0.110544 0.102865
0 0.061650 0.645182 0.089286 0.102865
0 0.186224 0.595703 0.085034 0.162760
0 0.073129 0.690104 0.127551 0.140625
0 0.229592 0.472005 0.078231 0.071615
0 0.607143 0.316406 0.049320 0.044271
0 0.628401 0.263672 0.057823 0.045573
0 0.629677 0.156901 0.028061 0.042969
0 0.618622 0.227865 0.038265 0.033854
0 0.300170 0.491536 0.064626 0.074219
0 0.326105 0.383464 0.039966 0.066406
0 0.412415 0.270833 0.032313 0.044271
0 0.375850 0.398438 0.035714 0.080729
0 0.426446 0.241536 0.022959 0.055990
0 0.452381 0.296224 0.040816 0.092448
0 0.440051 0.194010 0.028061 0.041667
0 0.447279 0.152995 0.028912 0.040365
0 0.416241 0.350911 0.033163 0.045573
0 0.344813 0.193359 0.026361 0.050781
0 0.365221 0.157552 0.021259 0.041667
0 0.496599 0.050130 0.020408 0.029948
0 0.376701 0.228516 0.040816 0.040365