4 0.056973 0.568359 0.110544 0.102865
0 0.061650 0.646484 0.089286 0.102865
0 0.185374 0.595703 0.085034 0.162760
0 0.073980 0.690104 0.127551 0.140625
0 0.227041 0.473307 0.078231 0.071615
0 0.606293 0.316406 0.049320 0.044271
0 0.628401 0.262370 0.057823 0.045573
0 0.629677 0.156901 0.028061 0.042969
0 0.618622 0.229167 0.038265 0.033854
0 0.301020 0.491536 0.064626 0.074219
0 0.321003 0.387370 0.039966 0.066406
0 0.412415 0.270833 0.032313 0.044271
0 0.376701 0.399740 0.035714 0.080729
0 0.426446 0.241536 0.022959 0.055990
0 0.451531 0.296224 0.040816 0.092448
0 0.440051 0.195312 0.028061 0.041667
0 0.447279 0.152995 0.028912 0.040365
0 0.416241 0.350911 0.033163 0.045573
0 0.343963 0.193359 0.026361 0.050781
0 0.363520 0.156250 0.021259 0.041667
0 0.496599 0.050130 0.020408 0.029948
0 0.383503 0.214193 0.040816 0.040365