4 0.055272 0.567057 0.110544 0.102865
0 0.061650 0.645182 0.089286 0.102865
0 0.181973 0.624349 0.085034 0.162760
0 0.072279 0.691406 0.127551 0.140625
0 0.221939 0.479818 0.078231 0.087240
0 0.607143 0.315104 0.049320 0.044271
0 0.628401 0.262370 0.057823 0.045573
0 0.629677 0.156901 0.028061 0.042969
0 0.619473 0.229167 0.038265 0.033854
0 0.296769 0.506510 0.076531 0.119792
0 0.321429 0.393880 0.056122 0.069010
0 0.412415 0.268229 0.032313 0.044271
0 0.375850 0.399740 0.035714 0.080729
0 0.427296 0.240234 0.022959 0.055990
0 0.451531 0.296224 0.040816 0.092448
0 0.439201 0.195312 0.028061 0.041667
0 0.447279 0.154297 0.028912 0.040365
0 0.414541 0.349609 0.033163 0.045573
0 0.343963 0.193359 0.026361 0.050781
0 0.364371 0.156250 0.021259 0.041667
0 0.496599 0.051432 0.020408 0.029948
0 0.390306 0.195964 0.040816 0.040365
0 0.280612 0.341797 0.054422 0.063802
0 0.488095 0.119141 0.025510 0.048177