4 0.056122 0.568359 0.110544 0.102865
0 0.061650 0.645182 0.089286 0.102865
0 0.181973 0.625651 0.085034 0.162760
0 0.071429 0.690104 0.127551 0.140625
0 0.215136 0.483724 0.078231 0.087240
0 0.607993 0.313802 0.049320 0.044271
0 0.627551 0.263672 0.057823 0.045573
0 0.629677 0.155599 0.028061 0.042969
0 0.619473 0.227865 0.038265 0.033854
0 0.294218 0.509115 0.076531 0.119792
0 0.314626 0.400391 0.059524 0.071615
0 0.410714 0.272135 0.032313 0.044271
0 0.375000 0.402344 0.035714 0.080729
0 0.426020 0.241536 0.023810 0.058594
0 0.452381 0.297526 0.040816 0.092448
0 0.438350 0.195312 0.028061 0.041667
0 0.446429 0.155599 0.028912 0.040365
0 0.413690 0.348307 0.033163 0.045573
0 0.343963 0.193359 0.026361 0.050781
0 0.365221 0.156250 0.021259 0.041667
0 0.496173 0.053385 0.021259 0.031250
0 0.400935 0.171875 0.036565 0.036458
0 0.485544 0.130859 0.025510 0.048177
0 0.312075 0.309896 0.054422 0.062500