4 0.055272 0.568359 0.110544 0.102865
0 0.061650 0.645182 0.089286 0.102865
0 0.182823 0.624349 0.085034 0.162760
0 0.072279 0.690104 0.127551 0.140625
0 0.212585 0.486328 0.078231 0.087240
0 0.607993 0.313802 0.049320 0.044271
0 0.627551 0.264974 0.057823 0.045573
0 0.630527 0.155599 0.028061 0.042969
0 0.619473 0.227865 0.038265 0.033854
0 0.295068 0.509115 0.076531 0.119792
0 0.311224 0.402995 0.059524 0.071615
0 0.409864 0.274740 0.032313 0.044271
0 0.375000 0.402344 0.035714 0.080729
0 0.426020 0.242839 0.023810 0.058594
0 0.451531 0.296224 0.040816 0.092448
0 0.438350 0.194010 0.028061 0.041667
0 0.448129 0.155599 0.028912 0.040365
0 0.413690 0.348307 0.033163 0.045573
0 0.343963 0.193359 0.026361 0.050781
0 0.366071 0.156250 0.021259 0.041667
0 0.495748 0.055339 0.022109 0.032552
0 0.404337 0.165365 0.036565 0.036458
0 0.484694 0.134766 0.025510 0.048177
0 0.320153 0.300781 0.051871 0.059896