4 0.055272 0.567057 0.110544 0.102865
0 0.061650 0.643880 0.089286 0.102865
0 0.181973 0.626953 0.085034 0.162760
0 0.073129 0.691406 0.127551 0.140625
0 0.212585 0.486328 0.078231 0.087240
0 0.607993 0.312500 0.049320 0.044271
0 0.628401 0.263672 0.057823 0.045573
0 0.630527 0.155599 0.028061 0.042969
0 0.619473 0.229167 0.038265 0.033854
0 0.294218 0.509115 0.076531 0.119792
0 0.311224 0.402995 0.059524 0.071615
0 0.410714 0.273438 0.032313 0.044271
0 0.374150 0.402344 0.035714 0.080729
0 0.426020 0.242839 0.023810 0.058594
0 0.451531 0.297526 0.040816 0.092448
0 0.437500 0.195312 0.028061 0.041667
0 0.447279 0.155599 0.028912 0.040365
0 0.415391 0.347005 0.033163 0.045573
0 0.344813 0.193359 0.026361 0.050781
0 0.364371 0.156250 0.021259 0.041667
0 0.494898 0.054036 0.022109 0.032552
0 0.404337 0.165365 0.036565 0.036458
0 0.486395 0.133464 0.025510 0.048177
0 0.320153 0.302083 0.051871 0.059896