4 0.055272 0.568359 0.110544 0.102865
0 0.061650 0.645182 0.089286 0.102865
0 0.181122 0.624349 0.085034 0.162760
0 0.073554 0.689453 0.133503 0.147135
0 0.210034 0.487630 0.078231 0.087240
0 0.607993 0.315104 0.049320 0.044271
0 0.627551 0.264974 0.057823 0.045573
0 0.629677 0.155599 0.028061 0.042969
0 0.619473 0.229167 0.038265 0.033854
0 0.293367 0.509115 0.076531 0.119792
0 0.307823 0.406901 0.059524 0.071615
0 0.409014 0.274740 0.032313 0.044271
0 0.374150 0.402344 0.035714 0.080729
0 0.426020 0.244141 0.023810 0.058594
0 0.451531 0.296224 0.040816 0.092448
0 0.438776 0.194661 0.028912 0.042969
0 0.446429 0.154297 0.028912 0.040365
0 0.413690 0.349609 0.033163 0.045573
0 0.343963 0.193359 0.026361 0.050781
0 0.364371 0.157552 0.021259 0.041667
0 0.494898 0.056641 0.022109 0.032552
0 0.406037 0.156250 0.036565 0.036458
0 0.485544 0.139974 0.025510 0.048177
0 0.329082 0.289062 0.049320 0.057292