4 0.056122 0.568359 0.110544 0.102865
0 0.061650 0.645182 0.089286 0.102865
0 0.181973 0.625651 0.085034 0.162760
0 0.072279 0.690104 0.127551 0.140625
0 0.210034 0.487630 0.078231 0.087240
0 0.607143 0.315104 0.049320 0.044271
0 0.629252 0.263672 0.057823 0.045573
0 0.630527 0.155599 0.028061 0.042969
0 0.619473 0.230469 0.038265 0.033854
0 0.294218 0.509115 0.076531 0.119792
0 0.306973 0.406901 0.059524 0.071615
0 0.409014 0.277344 0.032313 0.044271
0 0.375000 0.402344 0.035714 0.080729
0 0.426020 0.244141 0.023810 0.058594
0 0.452381 0.296224 0.040816 0.092448
0 0.437925 0.193359 0.028912 0.042969
0 0.446429 0.154297 0.028912 0.040365
0 0.413690 0.348307 0.033163 0.045573
0 0.343963 0.194661 0.026361 0.050781
0 0.364371 0.157552 0.021259 0.041667
0 0.495748 0.055339 0.022109 0.032552
0 0.406888 0.158854 0.036565 0.036458
0 0.485544 0.138672 0.025510 0.048177
0 0.328656 0.289062 0.046769 0.054688