4 0.056122 0.568359 0.110544 0.102865
0 0.061650 0.645182 0.089286 0.102865
0 0.181122 0.625651 0.085034 0.162760
0 0.072279 0.690104 0.127551 0.140625
0 0.205782 0.490234 0.078231 0.087240
0 0.607993 0.313802 0.049320 0.044271
0 0.629252 0.264974 0.057823 0.045573
0 0.630527 0.154297 0.028061 0.042969
0 0.619473 0.230469 0.038265 0.033854
0 0.293367 0.510417 0.076531 0.119792
0 0.305697 0.408854 0.062075 0.075521
0 0.409014 0.277344 0.032313 0.044271
0 0.375000 0.403646 0.035714 0.080729
0 0.426020 0.242839 0.023810 0.058594
0 0.451531 0.298828 0.040816 0.092448
0 0.438350 0.195312 0.028061 0.041667
0 0.446429 0.152995 0.028912 0.040365
0 0.414541 0.348307 0.033163 0.045573
0 0.343963 0.194661 0.026361 0.050781
0 0.364371 0.157552 0.021259 0.041667
0 0.495748 0.056641 0.022109 0.032552
0 0.409439 0.151042 0.036565 0.036458
0 0.484694 0.142578 0.025510 0.048177
0 0.337160 0.278646 0.046769 0.054688