4 0.054422 0.568359 0.110544 0.102865
0 0.060799 0.643880 0.089286 0.102865
0 0.181973 0.625651 0.085034 0.162760
0 0.072279 0.688802 0.127551 0.140625
0 0.198980 0.492839 0.078231 0.087240
0 0.607143 0.315104 0.049320 0.044271
0 0.629252 0.264974 0.057823 0.045573
0 0.630527 0.155599 0.028061 0.042969
0 0.618197 0.227865 0.035714 0.031250
0 0.294218 0.510417 0.076531 0.119792
0 0.297194 0.415365 0.062075 0.075521
0 0.403912 0.286458 0.032313 0.044271
0 0.374150 0.402344 0.035714 0.080729
0 0.425170 0.242839 0.023810 0.058594
0 0.451531 0.298828 0.040816 0.092448
0 0.437075 0.195964 0.028912 0.042969
0 0.448129 0.152995 0.028912 0.040365
0 0.415391 0.348307 0.033163 0.045573
0 0.344813 0.194661 0.026361 0.050781
0 0.365221 0.157552 0.021259 0.041667
0 0.495748 0.059245 0.022109 0.032552
0 0.416241 0.134115 0.034864 0.033854
0 0.482143 0.152995 0.025510 0.048177
0 0.353316 0.259115 0.045068 0.052083