4 0.055272 0.568359 0.110544 0.102865
0 0.060799 0.645182 0.089286 0.102865
0 0.182823 0.625651 0.085034 0.162760
0 0.073554 0.692057 0.133503 0.147135
0 0.194728 0.494141 0.078231 0.087240
0 0.607143 0.313802 0.049320 0.044271
0 0.629252 0.263672 0.057823 0.045573
0 0.630527 0.156901 0.028061 0.042969
0 0.618197 0.227865 0.035714 0.031250
0 0.294218 0.510417 0.076531 0.119792
0 0.296344 0.416667 0.062075 0.075521
0 0.402211 0.290365 0.032313 0.044271
0 0.375000 0.402344 0.035714 0.080729
0 0.426020 0.242839 0.023810 0.058594
0 0.452381 0.298828 0.040816 0.092448
0 0.437925 0.193359 0.028912 0.042969
0 0.448129 0.152995 0.028912 0.040365
0 0.414541 0.349609 0.033163 0.045573
0 0.343963 0.194661 0.026361 0.050781
0 0.364371 0.157552 0.021259 0.041667
0 0.494473 0.061198 0.021259 0.031250
0 0.417942 0.127604 0.034864 0.033854
0 0.481718 0.158203 0.026361 0.050781
0 0.361395 0.248698 0.042517 0.049479