4 0.056122 0.567057 0.110544 0.102865
0 0.060799 0.645182 0.089286 0.102865
0 0.182823 0.626953 0.085034 0.162760
0 0.072279 0.691406 0.127551 0.140625
0 0.192177 0.494141 0.078231 0.087240
0 0.607143 0.313802 0.049320 0.044271
0 0.628401 0.263672 0.057823 0.045573
0 0.630527 0.156901 0.028061 0.042969
0 0.619048 0.229167 0.035714 0.031250
0 0.294218 0.510417 0.076531 0.119792
0 0.292942 0.416667 0.062075 0.075521
0 0.399660 0.292969 0.032313 0.044271
0 0.375000 0.402344 0.035714 0.080729
0 0.425170 0.244141 0.023810 0.058594
0 0.450680 0.298828 0.040816 0.092448
0 0.437075 0.194661 0.028912 0.042969
0 0.447279 0.152995 0.028912 0.040365
0 0.414541 0.349609 0.033163 0.045573
0 0.344813 0.193359 0.026361 0.050781
0 0.366071 0.156250 0.021259 0.041667
0 0.494048 0.061849 0.022109 0.032552
0 0.420493 0.119792 0.034864 0.033854
0 0.480867 0.163411 0.026361 0.050781
0 0.367347 0.239583 0.042517 0.049479