4 0.056973 0.568359 0.110544 0.102865
0 0.059949 0.643880 0.089286 0.102865
0 0.181122 0.626953 0.085034 0.162760
0 0.072279 0.691406 0.127551 0.140625
0 0.188776 0.496745 0.078231 0.087240
0 0.607993 0.312500 0.049320 0.044271
0 0.628401 0.263672 0.057823 0.045573
0 0.629677 0.155599 0.028061 0.042969
0 0.619048 0.226562 0.035714 0.031250
0 0.292517 0.511719 0.076531 0.119792
0 0.290391 0.419271 0.062075 0.075521
0 0.397109 0.296875 0.032313 0.044271
0 0.374150 0.402344 0.035714 0.080729
0 0.425170 0.246745 0.023810 0.058594
0 0.449830 0.301432 0.040816 0.092448
0 0.437925 0.194661 0.028912 0.042969
0 0.448129 0.152995 0.028912 0.040365
0 0.414541 0.349609 0.033163 0.045573
0 0.343112 0.193359 0.026361 0.050781
0 0.364371 0.157552 0.021259 0.041667
0 0.493197 0.064453 0.022109 0.032552
0 0.423044 0.114583 0.034864 0.033854
0 0.480867 0.167318 0.026361 0.050781
0 0.373299 0.231771 0.042517 0.049479