4 0.056122 0.568359 0.110544 0.102865
0 0.061650 0.645182 0.089286 0.102865
0 0.181122 0.625651 0.085034 0.162760
0 0.072279 0.688802 0.127551 0.140625
0 0.186224 0.498047 0.078231 0.087240
0 0.607993 0.313802 0.049320 0.044271
0 0.628401 0.264974 0.057823 0.045573
0 0.629677 0.155599 0.028061 0.042969
0 0.619048 0.227865 0.035714 0.031250
0 0.293367 0.510417 0.076531 0.119792
0 0.285714 0.423828 0.059524 0.071615
0 0.392857 0.303385 0.032313 0.044271
0 0.374150 0.402344 0.035714 0.080729
0 0.423469 0.246745 0.023810 0.058594
0 0.448980 0.304036 0.040816 0.092448
0 0.437075 0.195964 0.028912 0.042969
0 0.448129 0.151693 0.028912 0.040365
0 0.413690 0.349609 0.033163 0.045573
0 0.343963 0.194661 0.026361 0.050781
0 0.365221 0.157552 0.021259 0.041667
0 0.494048 0.065755 0.022109 0.032552
0 0.428997 0.104167 0.034864 0.033854
0 0.479167 0.177734 0.028061 0.053385
0 0.372449 0.231771 0.042517 0.049479