4 0.055272 0.568359 0.110544 0.102865
0 0.059949 0.643880 0.089286 0.102865
0 0.182823 0.625651 0.085034 0.162760
0 0.072279 0.688802 0.127551 0.140625
0 0.183673 0.495443 0.078231 0.087240
0 0.607993 0.311198 0.049320 0.044271
0 0.629252 0.262370 0.057823 0.045573
0 0.629677 0.154297 0.028061 0.042969
0 0.618197 0.225260 0.035714 0.031250
0 0.292517 0.509115 0.076531 0.119792
0 0.281037 0.430990 0.062075 0.072917
0 0.390731 0.307943 0.033163 0.045573
0 0.372449 0.403646 0.035714 0.080729
0 0.423469 0.245443 0.023810 0.058594
0 0.448980 0.305339 0.040816 0.092448
0 0.436224 0.197266 0.028912 0.042969
0 0.447279 0.151693 0.028912 0.040365
0 0.414541 0.348307 0.033163 0.045573
0 0.343963 0.194661 0.026361 0.050781
0 0.365221 0.156250 0.021259 0.041667
0 0.491497 0.065755 0.022109 0.032552
0 0.429847 0.096354 0.034864 0.033854
0 0.477466 0.180339 0.028061 0.053385
0 0.389456 0.199219 0.042517 0.049479