4 0.055272 0.568359 0.110544 0.102865
0 0.060799 0.642578 0.089286 0.102865
0 0.181973 0.625651 0.085034 0.162760
0 0.072279 0.688802 0.127551 0.140625
0 0.183673 0.496745 0.078231 0.087240
0 0.607993 0.311198 0.049320 0.044271
0 0.629252 0.263672 0.057823 0.045573
0 0.630527 0.154297 0.028061 0.042969
0 0.618197 0.225911 0.037415 0.032552
0 0.293367 0.509115 0.076531 0.119792
0 0.281037 0.430990 0.062075 0.072917
0 0.387755 0.313151 0.037415 0.058594
0 0.380952 0.406901 0.051020 0.089844
0 0.422619 0.245443 0.023810 0.058594
0 0.448129 0.304036 0.040816 0.092448
0 0.437925 0.197266 0.028912 0.042969
0 0.447279 0.151693 0.028912 0.040365
0 0.412415 0.350911 0.030612 0.053385
0 0.343963 0.193359 0.026361 0.050781
0 0.364371 0.156250 0.021259 0.041667
0 0.490646 0.064453 0.022109 0.032552
0 0.429847 0.097005 0.036565 0.035156
0 0.478316 0.181641 0.028061 0.053385
0 0.389456 0.197917 0.042517 0.049479