4 0.056122 0.568359 0.110544 0.102865
0 0.061650 0.642578 0.089286 0.102865
0 0.181973 0.628255 0.085034 0.162760
0 0.072279 0.687500 0.127551 0.140625
0 0.181122 0.498047 0.078231 0.087240
0 0.607143 0.310547 0.051020 0.045573
0 0.629252 0.263672 0.057823 0.045573
0 0.629677 0.151693 0.028061 0.042969
0 0.618197 0.225911 0.037415 0.032552
0 0.291667 0.510417 0.076531 0.119792
0 0.277211 0.432943 0.064626 0.076823
0 0.384354 0.317057 0.037415 0.058594
0 0.380102 0.408203 0.051020 0.089844
0 0.422619 0.246745 0.023810 0.058594
0 0.448129 0.306641 0.040816 0.092448
0 0.437500 0.196615 0.029762 0.044271
0 0.447279 0.150391 0.028912 0.040365
0 0.412415 0.350911 0.030612 0.053385
0 0.343963 0.194661 0.026361 0.050781
0 0.365221 0.156250 0.021259 0.041667
0 0.491071 0.066406 0.022959 0.033854
0 0.433248 0.091797 0.036565 0.035156
0 0.476616 0.185547 0.028061 0.053385
0 0.394558 0.190104 0.042517 0.049479