4 0.055272 0.568359 0.110544 0.102865
0 0.061650 0.642578 0.089286 0.102865
0 0.182823 0.626953 0.085034 0.162760
0 0.072279 0.687500 0.127551 0.140625
0 0.181122 0.498047 0.078231 0.087240
0 0.607993 0.311198 0.049320 0.044271
0 0.628401 0.263672 0.057823 0.045573
0 0.629677 0.151693 0.028061 0.042969
0 0.617347 0.225260 0.035714 0.031250
0 0.291667 0.509115 0.076531 0.119792
0 0.277211 0.431641 0.064626 0.076823
0 0.385204 0.317057 0.037415 0.058594
0 0.380102 0.409505 0.051020 0.089844
0 0.422619 0.245443 0.023810 0.058594
0 0.448129 0.305339 0.040816 0.092448
0 0.436650 0.196615 0.029762 0.044271
0 0.448129 0.150391 0.028912 0.040365
0 0.413265 0.350911 0.030612 0.053385
0 0.343963 0.193359 0.026361 0.050781
0 0.365221 0.156250 0.021259 0.041667
0 0.491071 0.066406 0.022959 0.033854
0 0.433248 0.091146 0.034864 0.033854
0 0.477466 0.185547 0.028061 0.053385
0 0.395408 0.191406 0.042517 0.049479