4 0.054422 0.567057 0.110544 0.102865
0 0.060799 0.643880 0.089286 0.102865
0 0.181122 0.626953 0.085034 0.162760
0 0.073129 0.688802 0.127551 0.140625
0 0.176871 0.498047 0.078231 0.087240
0 0.607993 0.311849 0.051020 0.045573
0 0.629252 0.262370 0.057823 0.045573
0 0.630527 0.154297 0.028061 0.042969
0 0.618197 0.227865 0.035714 0.031250
0 0.290816 0.509115 0.076531 0.119792
0 0.272959 0.435547 0.064626 0.076823
0 0.381803 0.320964 0.037415 0.058594
0 0.380102 0.408203 0.051020 0.089844
0 0.423469 0.247396 0.022109 0.054688
0 0.447279 0.306641 0.040816 0.092448
0 0.436650 0.196615 0.029762 0.044271
0 0.447279 0.151693 0.028912 0.040365
0 0.412415 0.352214 0.030612 0.053385
0 0.343963 0.193359 0.026361 0.050781
0 0.365221 0.156250 0.021259 0.041667
0 0.491071 0.066406 0.022959 0.033854
0 0.435799 0.087891 0.031463 0.029948
0 0.476616 0.190755 0.028061 0.053385
0 0.399660 0.180990 0.042517 0.049479