4 0.055272 0.568359 0.110544 0.102865
0 0.059949 0.643880 0.089286 0.102865
0 0.181973 0.628255 0.085034 0.162760
0 0.071429 0.687500 0.127551 0.140625
0 0.161565 0.505859 0.078231 0.087240
0 0.607143 0.311198 0.049320 0.044271
0 0.628401 0.263672 0.057823 0.045573
0 0.630527 0.152995 0.028061 0.042969
0 0.618197 0.225260 0.035714 0.031250
0 0.288265 0.513021 0.076531 0.119792
0 0.262755 0.440755 0.064626 0.076823
0 0.369898 0.336589 0.039116 0.061198
0 0.377976 0.410807 0.053571 0.095052
0 0.420918 0.250000 0.022109 0.054688
0 0.447279 0.309245 0.040816 0.092448
0 0.437500 0.196615 0.029762 0.044271
0 0.447279 0.150391 0.027211 0.037760
0 0.412415 0.350911 0.030612 0.053385
0 0.343112 0.193359 0.026361 0.050781
0 0.364371 0.154948 0.021259 0.041667
0 0.490221 0.076823 0.022959 0.033854
0 0.445153 0.070964 0.031463 0.029948
0 0.473214 0.207682 0.028061 0.053385
0 0.414116 0.152344 0.042517 0.049479