4 0.054422 0.567057 0.110544 0.102865
0 0.056548 0.643880 0.089286 0.102865
0 0.181973 0.625651 0.085034 0.162760
0 0.067602 0.690755 0.133503 0.147135
0 0.158163 0.507161 0.078231 0.087240
0 0.607143 0.311198 0.049320 0.044271
0 0.628401 0.264974 0.057823 0.045573
0 0.629677 0.152995 0.028061 0.042969
0 0.618197 0.225911 0.037415 0.032552
0 0.288265 0.515625 0.076531 0.119792
0 0.252551 0.447266 0.064626 0.076823
0 0.358844 0.347005 0.039116 0.061198
0 0.376276 0.414714 0.053571 0.095052
0 0.420068 0.255859 0.023810 0.058594
0 0.445578 0.310547 0.040816 0.092448
0 0.437500 0.196615 0.029762 0.044271
0 0.448129 0.150391 0.027211 0.037760
0 0.413265 0.350911 0.030612 0.053385
0 0.344813 0.194661 0.026361 0.050781
0 0.365221 0.157552 0.021259 0.041667
0 0.488946 0.086589 0.022109 0.032552
0 0.458759 0.054036 0.031463 0.029948
0 0.470238 0.223307 0.028912 0.055990
0 0.422619 0.134115 0.042517 0.049479