4 0.055272 0.568359 0.110544 0.102865
0 0.053997 0.645182 0.089286 0.102865
0 0.181973 0.626953 0.085034 0.162760
0 0.065901 0.689453 0.133503 0.147135
0 0.158163 0.504557 0.078231 0.087240
0 0.607143 0.312500 0.049320 0.044271
0 0.629252 0.263672 0.057823 0.045573
0 0.628827 0.152995 0.028061 0.042969
0 0.618197 0.227865 0.035714 0.031250
0 0.289116 0.514323 0.076531 0.119792
0 0.250850 0.449870 0.064626 0.076823
0 0.352891 0.356120 0.039116 0.061198
0 0.376276 0.413411 0.053571 0.095052
0 0.418367 0.261068 0.023810 0.058594
0 0.445578 0.310547 0.040816 0.092448
0 0.435799 0.196615 0.029762 0.044271
0 0.448129 0.150391 0.027211 0.037760
0 0.411565 0.353516 0.030612 0.053385
0 0.343963 0.195964 0.026361 0.050781
0 0.365221 0.157552 0.021259 0.041667
0 0.488095 0.095703 0.022109 0.032552
0 0.464711 0.044271 0.029762 0.028646
0 0.470238 0.233724 0.028912 0.055990
0 0.428571 0.123698 0.042517 0.049479