4 0.054422 0.565755 0.110544 0.102865
0 0.051446 0.646484 0.089286 0.102865
0 0.181122 0.629557 0.085034 0.162760
0 0.062500 0.701172 0.133503 0.170573
0 0.155612 0.507161 0.078231 0.087240
0 0.607993 0.309896 0.049320 0.044271
0 0.627976 0.263021 0.060374 0.046875
0 0.630527 0.154297 0.028061 0.042969
0 0.616071 0.223307 0.034864 0.029948
0 0.288265 0.513021 0.076531 0.119792
0 0.250000 0.449870 0.064626 0.076823
0 0.335034 0.369792 0.049320 0.067708
0 0.373724 0.413411 0.053571 0.095052
0 0.409439 0.277344 0.022959 0.057292
0 0.445578 0.309245 0.040816 0.092448
0 0.437075 0.202474 0.028912 0.042969
0 0.446003 0.149740 0.028061 0.039062
0 0.408163 0.357422 0.030612 0.053385
0 0.343112 0.193359 0.026361 0.050781
0 0.363520 0.154948 0.021259 0.041667
0 0.483418 0.115885 0.021259 0.031250
0 0.481293 0.024089 0.034014 0.032552
0 0.466837 0.250651 0.030612 0.058594
0 0.433673 0.106771 0.035714 0.041667