4 0.053571 0.565755 0.110544 0.102865
0 0.051446 0.646484 0.089286 0.102865
0 0.177721 0.632161 0.085034 0.162760
0 0.062500 0.701172 0.133503 0.170573
0 0.153912 0.508464 0.078231 0.087240
0 0.607143 0.312500 0.049320 0.044271
0 0.627126 0.264323 0.060374 0.046875
0 0.629677 0.151693 0.028061 0.042969
0 0.617347 0.224609 0.037415 0.032552
0 0.287415 0.515625 0.076531 0.119792
0 0.249150 0.449870 0.064626 0.076823
0 0.330357 0.374349 0.051871 0.071615
0 0.374575 0.412109 0.053571 0.095052
0 0.408163 0.281250 0.023810 0.059896
0 0.445578 0.310547 0.040816 0.092448
0 0.435374 0.206380 0.028912 0.042969
0 0.446854 0.149740 0.028061 0.039062
0 0.406888 0.358724 0.031463 0.055990
0 0.342262 0.193359 0.026361 0.050781
0 0.362670 0.157552 0.021259 0.041667
0 0.480017 0.127604 0.022959 0.033854
0 0.488095 0.017578 0.034014 0.032552
0 0.465136 0.258464 0.030612 0.058594
0 0.434949 0.104167 0.038265 0.044271