4 0.053571 0.565755 0.110544 0.102865
0 0.051446 0.646484 0.089286 0.102865
0 0.178571 0.634766 0.085034 0.162760
0 0.062500 0.701172 0.133503 0.170573
0 0.153061 0.507161 0.078231 0.087240
0 0.607993 0.312500 0.049320 0.044271
0 0.627126 0.264323 0.060374 0.046875
0 0.629677 0.151693 0.028061 0.042969
0 0.617347 0.224609 0.037415 0.032552
0 0.288265 0.514323 0.076531 0.119792
0 0.250000 0.449870 0.064626 0.076823
0 0.330782 0.373698 0.049320 0.067708
0 0.373724 0.412109 0.053571 0.095052
0 0.408163 0.282552 0.023810 0.059896
0 0.445578 0.310547 0.040816 0.092448
0 0.435374 0.205078 0.028912 0.042969
0 0.446854 0.151042 0.028061 0.039062
0 0.407313 0.357422 0.030612 0.053385
0 0.342262 0.193359 0.026361 0.050781
0 0.362670 0.157552 0.021259 0.041667
0 0.480867 0.127604 0.022959 0.033854
0 0.488946 0.016276 0.034014 0.032552
0 0.463435 0.257161 0.030612 0.058594
0 0.434949 0.102865 0.038265 0.044271