4 0.054422 0.565755 0.110544 0.102865
0 0.051446 0.646484 0.089286 0.102865
0 0.179422 0.633464 0.085034 0.162760
0 0.062500 0.701172 0.133503 0.170573
0 0.153912 0.507161 0.078231 0.087240
0 0.607143 0.312500 0.049320 0.044271
0 0.627976 0.263021 0.060374 0.046875
0 0.630527 0.152995 0.028061 0.042969
0 0.617347 0.224609 0.037415 0.032552
0 0.289116 0.515625 0.076531 0.119792
0 0.250000 0.449870 0.064626 0.076823
0 0.330782 0.376302 0.049320 0.067708
0 0.373724 0.412109 0.053571 0.095052
0 0.407313 0.282552 0.023810 0.059896
0 0.445578 0.310547 0.040816 0.092448
0 0.435374 0.206380 0.028912 0.042969
0 0.447704 0.151042 0.028061 0.039062
0 0.406463 0.358724 0.030612 0.053385
0 0.342262 0.194661 0.026361 0.050781
0 0.363520 0.156250 0.021259 0.041667
0 0.481718 0.127604 0.022959 0.033854
0 0.488946 0.016276 0.034014 0.032552
0 0.464286 0.258464 0.030612 0.058594
0 0.434524 0.102865 0.035714 0.041667