4 0.053571 0.565755 0.110544 0.102865
0 0.052296 0.645182 0.089286 0.102865
0 0.177721 0.632161 0.085034 0.162760
0 0.062500 0.701172 0.133503 0.170573
0 0.152211 0.507161 0.078231 0.087240
0 0.607143 0.311198 0.049320 0.044271
0 0.627976 0.263021 0.060374 0.046875
0 0.630527 0.152995 0.028061 0.042969
0 0.617347 0.224609 0.037415 0.032552
0 0.286565 0.516927 0.076531 0.119792
0 0.250850 0.449870 0.064626 0.076823
0 0.328231 0.377604 0.049320 0.067708
0 0.374575 0.413411 0.053571 0.095052
0 0.406463 0.283854 0.023810 0.059896
0 0.446429 0.313151 0.040816 0.092448
0 0.434524 0.206380 0.028912 0.042969
0 0.446429 0.152995 0.027211 0.037760
0 0.408163 0.357422 0.030612 0.053385
0 0.341412 0.194661 0.026361 0.050781
0 0.363520 0.156250 0.021259 0.041667
0 0.479592 0.134766 0.023810 0.035156
0 0.491497 0.013672 0.034014 0.032552
0 0.463435 0.258464 0.030612 0.058594
0 0.435374 0.102865 0.035714 0.041667