4 0.054422 0.565755 0.110544 0.102865
0 0.052296 0.646484 0.089286 0.102865
0 0.178997 0.632161 0.089286 0.170573
0 0.062500 0.703776 0.133503 0.170573
0 0.150510 0.509766 0.078231 0.087240
0 0.607993 0.311198 0.049320 0.044271
0 0.627551 0.263672 0.057823 0.045573
0 0.629677 0.152995 0.028061 0.042969
0 0.617347 0.224609 0.037415 0.032552
0 0.285714 0.516927 0.076531 0.119792
0 0.250000 0.449870 0.064626 0.076823
0 0.326531 0.378906 0.049320 0.067708
0 0.374575 0.413411 0.053571 0.095052
0 0.404762 0.290365 0.023810 0.059896
0 0.445578 0.311849 0.040816 0.092448
0 0.435374 0.208984 0.028912 0.042969
0 0.446854 0.152344 0.028061 0.039062
0 0.408163 0.356120 0.030612 0.053385
0 0.341412 0.194661 0.026361 0.050781
0 0.363520 0.156250 0.021259 0.041667
0 0.479592 0.138672 0.023810 0.035156
0 0.495748 0.011068 0.034014 0.032552
0 0.462585 0.259766 0.030612 0.058594
0 0.434524 0.101562 0.035714 0.041667