4 0.054422 0.565755 0.110544 0.102865
0 0.052296 0.646484 0.089286 0.102865
0 0.179847 0.632161 0.089286 0.170573
0 0.062500 0.701172 0.133503 0.170573
0 0.149660 0.509766 0.078231 0.087240
0 0.607993 0.311198 0.049320 0.044271
0 0.627551 0.263672 0.057823 0.045573
0 0.630527 0.152995 0.028061 0.042969
0 0.616497 0.224609 0.037415 0.032552
0 0.286565 0.518229 0.076531 0.119792
0 0.250000 0.449870 0.064626 0.076823
0 0.323980 0.382812 0.049320 0.067708
0 0.373724 0.413411 0.053571 0.095052
0 0.401361 0.291667 0.023810 0.059896
0 0.444728 0.313151 0.040816 0.092448
0 0.434099 0.210938 0.029762 0.044271
0 0.446429 0.154297 0.027211 0.037760
0 0.408163 0.357422 0.030612 0.053385
0 0.342262 0.194661 0.026361 0.050781
0 0.362670 0.156250 0.021259 0.041667
0 0.481257 0.163101 0.026556 0.042264
0 0.499575 0.006510 0.031463 0.028646
0 0.462585 0.262370 0.030612 0.058594
0 0.435374 0.101562 0.035714 0.041667
0 0.486395 0.103516 0.030612 0.040365