4 0.053571 0.567057 0.110544 0.102865
0 0.051446 0.646484 0.089286 0.102865
0 0.178997 0.632161 0.089286 0.170573
0 0.063350 0.701172 0.133503 0.170573
0 0.149660 0.508464 0.078231 0.087240
0 0.607993 0.311198 0.049320 0.044271
0 0.627551 0.263672 0.057823 0.045573
0 0.630527 0.154297 0.028061 0.042969
0 0.617347 0.224609 0.037415 0.032552
0 0.285714 0.516927 0.076531 0.119792
0 0.250000 0.449870 0.064626 0.076823
0 0.322279 0.382812 0.049320 0.067708
0 0.372874 0.412109 0.053571 0.095052
0 0.396259 0.299479 0.023810 0.059896
0 0.443878 0.314453 0.040816 0.092448
0 0.432823 0.216797 0.028912 0.042969
0 0.444303 0.158203 0.029762 0.040365
0 0.409014 0.358724 0.030612 0.053385
0 0.342262 0.194661 0.026361 0.050781
0 0.362670 0.157552 0.021259 0.041667
0 0.476616 0.182292 0.026361 0.041667
0 0.460034 0.266276 0.030612 0.058594
0 0.436224 0.101562 0.035714 0.041667
0 0.487245 0.115234 0.030612 0.040365