4 0.053571 0.565755 0.110544 0.102865
0 0.051446 0.646484 0.089286 0.102865
0 0.178997 0.630859 0.089286 0.170573
0 0.062500 0.701172 0.133503 0.170573
0 0.148810 0.509766 0.078231 0.087240
0 0.607143 0.311198 0.049320 0.044271
0 0.627551 0.263672 0.057823 0.045573
0 0.630527 0.152995 0.028061 0.042969
0 0.616071 0.225911 0.034864 0.029948
0 0.284864 0.518229 0.076531 0.119792
0 0.249150 0.449870 0.064626 0.076823
0 0.323129 0.384115 0.049320 0.067708
0 0.373724 0.412109 0.053571 0.095052
0 0.393707 0.305990 0.023810 0.059896
0 0.444728 0.313151 0.040816 0.092448
0 0.431122 0.223307 0.028912 0.042969
0 0.443452 0.162109 0.029762 0.040365
0 0.408163 0.358724 0.030612 0.053385
0 0.343112 0.193359 0.026361 0.050781
0 0.363520 0.157552 0.021259 0.041667
0 0.474490 0.195312 0.027211 0.044271
0 0.460884 0.268880 0.030612 0.058594
0 0.437075 0.101562 0.035714 0.041667
0 0.484694 0.123047 0.030612 0.040365