4 0.053571 0.565755 0.110544 0.102865
0 0.052296 0.643880 0.089286 0.102865
0 0.177296 0.632161 0.089286 0.170573
0 0.064201 0.699870 0.133503 0.170573
0 0.148810 0.509766 0.078231 0.087240
0 0.607143 0.309896 0.049320 0.044271
0 0.626701 0.263672 0.057823 0.045573
0 0.630527 0.152995 0.028061 0.042969
0 0.616071 0.223307 0.034864 0.029948
0 0.284014 0.516927 0.076531 0.119792
0 0.250000 0.448568 0.064626 0.076823
0 0.322704 0.379557 0.046769 0.063802
0 0.373724 0.412109 0.053571 0.095052
0 0.388605 0.328125 0.035714 0.059896
0 0.443878 0.311849 0.040816 0.092448
0 0.430697 0.223958 0.029762 0.044271
0 0.440901 0.169922 0.029762 0.040365
0 0.414541 0.357422 0.036565 0.058594
0 0.342262 0.193359 0.026361 0.050781
0 0.363520 0.157552 0.021259 0.041667
0 0.470238 0.213542 0.027211 0.044271
0 0.459184 0.268880 0.030612 0.058594
0 0.436224 0.097656 0.034014 0.039062
0 0.483844 0.132812 0.030612 0.039062