4 0.053571 0.564453 0.110544 0.102865
0 0.051446 0.645182 0.089286 0.102865
0 0.176446 0.632161 0.089286 0.170573
0 0.063350 0.701172 0.133503 0.170573
0 0.147959 0.508464 0.078231 0.087240
0 0.607143 0.311198 0.049320 0.044271
0 0.625850 0.262370 0.057823 0.045573
0 0.629677 0.152995 0.028061 0.042969
0 0.616071 0.221354 0.036565 0.031250
0 0.284864 0.516927 0.076531 0.119792
0 0.249575 0.448568 0.067177 0.079427
0 0.323554 0.379557 0.046769 0.063802
0 0.372874 0.412109 0.053571 0.095052
0 0.384354 0.333333 0.035714 0.059896
0 0.443878 0.313151 0.040816 0.092448
0 0.428997 0.230469 0.029762 0.044271
0 0.440051 0.173828 0.029762 0.040365
0 0.413690 0.354818 0.036565 0.058594
0 0.342262 0.194661 0.026361 0.050781
0 0.364371 0.156250 0.021259 0.041667
0 0.468963 0.219401 0.028061 0.045573
0 0.459184 0.270182 0.030612 0.058594
0 0.438776 0.093750 0.035714 0.041667
0 0.483418 0.149740 0.031463 0.041667