4 0.052721 0.564453 0.110544 0.102865
0 0.052296 0.645182 0.089286 0.102865
0 0.177296 0.632161 0.089286 0.170573
0 0.062500 0.701172 0.133503 0.170573
0 0.148810 0.508464 0.078231 0.087240
0 0.607143 0.309896 0.049320 0.044271
0 0.626701 0.263672 0.057823 0.045573
0 0.629677 0.152995 0.028061 0.042969
0 0.616922 0.223958 0.036565 0.031250
0 0.284014 0.516927 0.076531 0.119792
0 0.249575 0.448568 0.067177 0.079427
0 0.322704 0.380859 0.046769 0.063802
0 0.372874 0.412109 0.053571 0.095052
0 0.383503 0.334635 0.035714 0.059896
0 0.443027 0.311849 0.040816 0.092448
0 0.428997 0.229167 0.029762 0.044271
0 0.439201 0.175130 0.029762 0.040365
0 0.413690 0.354818 0.036565 0.058594
0 0.342262 0.194661 0.026361 0.050781
0 0.362670 0.156250 0.021259 0.041667
0 0.468537 0.220052 0.027211 0.044271
0 0.458333 0.268880 0.030612 0.058594
0 0.438776 0.092448 0.035714 0.041667
0 0.481718 0.149740 0.031463 0.041667