4 0.052721 0.564453 0.110544 0.102865
0 0.051446 0.645182 0.089286 0.102865
0 0.178146 0.630859 0.089286 0.170573
0 0.063350 0.701172 0.133503 0.170573
0 0.148810 0.509766 0.078231 0.087240
0 0.607143 0.309896 0.049320 0.044271
0 0.625850 0.262370 0.057823 0.045573
0 0.629677 0.152995 0.028061 0.042969
0 0.616922 0.222005 0.034864 0.029948
0 0.284014 0.516927 0.076531 0.119792
0 0.249575 0.447266 0.067177 0.079427
0 0.323554 0.379557 0.046769 0.063802
0 0.372874 0.413411 0.053571 0.095052
0 0.384354 0.334635 0.035714 0.059896
0 0.443027 0.311849 0.040816 0.092448
0 0.429847 0.229167 0.029762 0.044271
0 0.439201 0.175130 0.029762 0.040365
0 0.414541 0.353516 0.036565 0.058594
0 0.342262 0.194661 0.026361 0.050781
0 0.362670 0.156250 0.021259 0.041667
0 0.468537 0.220052 0.027211 0.044271
0 0.457483 0.270182 0.030612 0.058594
0 0.438776 0.093750 0.035714 0.041667
0 0.482568 0.149740 0.031463 0.041667