4 0.052721 0.565755 0.110544 0.102865
0 0.048044 0.645182 0.089286 0.102865
0 0.177296 0.630859 0.089286 0.170573
0 0.057398 0.699870 0.133503 0.170573
0 0.148810 0.508464 0.078231 0.087240
0 0.606718 0.309896 0.046769 0.041667
0 0.626701 0.262370 0.057823 0.045573
0 0.629677 0.151693 0.028061 0.042969
0 0.616922 0.222005 0.034864 0.029948
0 0.284014 0.519531 0.076531 0.119792
0 0.249575 0.447266 0.067177 0.079427
0 0.322704 0.379557 0.046769 0.063802
0 0.371173 0.414714 0.053571 0.095052
0 0.379252 0.338542 0.035714 0.059896
0 0.443878 0.314453 0.040816 0.092448
0 0.427296 0.240885 0.029762 0.044271
0 0.436650 0.181641 0.029762 0.040365
0 0.415391 0.354818 0.036565 0.058594
0 0.342262 0.193359 0.026361 0.050781
0 0.363520 0.156250 0.021259 0.041667
0 0.468112 0.222005 0.028061 0.045573
0 0.458333 0.269531 0.028912 0.054688
0 0.445578 0.080729 0.034014 0.039062
0 0.477466 0.177083 0.031463 0.041667