4 0.053571 0.565755 0.110544 0.102865
0 0.049745 0.646484 0.089286 0.102865
0 0.177296 0.630859 0.089286 0.170573
0 0.058673 0.694661 0.139456 0.178385
0 0.148810 0.507161 0.078231 0.087240
0 0.606293 0.311198 0.049320 0.044271
0 0.625850 0.263672 0.057823 0.045573
0 0.630527 0.152995 0.028061 0.042969
0 0.616922 0.222005 0.034864 0.029948
0 0.283163 0.518229 0.076531 0.119792
0 0.249575 0.447266 0.067177 0.079427
0 0.322704 0.379557 0.046769 0.063802
0 0.372024 0.414714 0.053571 0.095052
0 0.378401 0.339844 0.035714 0.059896
0 0.443878 0.311849 0.040816 0.092448
0 0.427296 0.242188 0.029762 0.044271
0 0.436650 0.182943 0.029762 0.040365
0 0.414541 0.354818 0.036565 0.058594
0 0.341412 0.193359 0.026361 0.050781
0 0.363520 0.157552 0.021259 0.041667
0 0.468963 0.222005 0.028061 0.045573
0 0.458333 0.269531 0.028912 0.054688
0 0.448129 0.076823 0.034014 0.039062
0 0.477466 0.179688 0.031463 0.041667