4 0.052721 0.564453 0.110544 0.102865
0 0.060799 0.649740 0.092687 0.106771
0 0.176446 0.632161 0.089286 0.170573
0 0.147959 0.508464 0.078231 0.087240
0 0.607993 0.308594 0.049320 0.044271
0 0.624150 0.262370 0.057823 0.045573
0 0.630527 0.150391 0.028061 0.042969
0 0.616922 0.222656 0.036565 0.031250
0 0.270408 0.533854 0.091837 0.132812
0 0.248724 0.444661 0.067177 0.079427
0 0.329082 0.389323 0.057823 0.075521
0 0.360969 0.431641 0.058673 0.076823
0 0.374150 0.339844 0.035714 0.059896
0 0.443027 0.313151 0.040816 0.092448
0 0.423044 0.251302 0.029762 0.044271
0 0.435799 0.189453 0.029762 0.040365
0 0.412840 0.354818 0.036565 0.058594
0 0.343112 0.193359 0.026361 0.050781
0 0.366071 0.156250 0.021259 0.041667
0 0.471514 0.216146 0.029762 0.049479
0 0.459184 0.270833 0.028912 0.054688
0 0.459609 0.061849 0.031463 0.042969
0 0.483418 0.149740 0.031463 0.041667