4 0.052721 0.565755 0.110544 0.102865
0 0.061650 0.651042 0.092687 0.106771
0 0.175595 0.629557 0.089286 0.170573
0 0.147959 0.508464 0.078231 0.087240
0 0.607143 0.309896 0.049320 0.044271
0 0.625850 0.259766 0.057823 0.045573
0 0.629677 0.150391 0.028061 0.042969
0 0.616922 0.222656 0.036565 0.031250
0 0.270408 0.533854 0.091837 0.132812
0 0.248724 0.444661 0.067177 0.079427
0 0.328231 0.389323 0.057823 0.075521
0 0.359269 0.430339 0.058673 0.076823
0 0.372449 0.342448 0.035714 0.059896
0 0.443878 0.311849 0.040816 0.092448
0 0.420493 0.255208 0.029762 0.044271
0 0.433248 0.194661 0.029762 0.040365
0 0.411990 0.353516 0.038265 0.061198
0 0.341412 0.193359 0.026361 0.050781
0 0.364371 0.156250 0.021259 0.041667
0 0.470663 0.217448 0.029762 0.049479
0 0.458333 0.270833 0.028912 0.054688
0 0.465561 0.055990 0.029762 0.041667
0 0.482568 0.156250 0.031463 0.041667