4 0.051871 0.565755 0.110544 0.102865
0 0.062500 0.651042 0.092687 0.106771
0 0.175595 0.629557 0.089286 0.170573
0 0.148810 0.508464 0.078231 0.087240
0 0.607993 0.309896 0.049320 0.044271
0 0.625000 0.261068 0.057823 0.045573
0 0.630527 0.149089 0.028061 0.042969
0 0.617772 0.222656 0.036565 0.031250
0 0.270408 0.533854 0.091837 0.132812
0 0.248724 0.443359 0.067177 0.079427
0 0.328231 0.390625 0.057823 0.075521
0 0.357993 0.430990 0.061224 0.080729
0 0.372449 0.343750 0.035714 0.059896
0 0.443878 0.313151 0.040816 0.092448
0 0.420493 0.259115 0.029762 0.044271
0 0.432823 0.195312 0.030612 0.041667
0 0.413690 0.354818 0.038265 0.061198
0 0.343112 0.193359 0.026361 0.050781
0 0.364371 0.156250 0.021259 0.041667
0 0.472364 0.216146 0.029762 0.049479
0 0.460034 0.270833 0.028912 0.054688
0 0.467262 0.050781 0.029762 0.041667
0 0.482568 0.158854 0.031463 0.041667