4 0.052721 0.565755 0.110544 0.102865
0 0.062500 0.649740 0.092687 0.106771
0 0.177721 0.628906 0.085034 0.161458
0 0.147959 0.508464 0.078231 0.087240
0 0.607143 0.309896 0.049320 0.044271
0 0.625000 0.261068 0.057823 0.045573
0 0.630527 0.149089 0.028061 0.042969
0 0.616922 0.223958 0.036565 0.031250
0 0.270408 0.532552 0.091837 0.132812
0 0.247874 0.443359 0.067177 0.079427
0 0.328231 0.388021 0.057823 0.075521
0 0.358844 0.432292 0.061224 0.080729
0 0.373299 0.343750 0.035714 0.059896
0 0.443878 0.310547 0.040816 0.092448
0 0.421344 0.257812 0.029762 0.044271
0 0.432823 0.196615 0.030612 0.041667
0 0.412840 0.353516 0.038265 0.061198
0 0.343112 0.193359 0.026361 0.050781
0 0.364371 0.156250 0.021259 0.041667
0 0.471514 0.217448 0.029762 0.049479
0 0.460034 0.269531 0.028912 0.054688
0 0.467262 0.050781 0.029762 0.041667
0 0.482568 0.160156 0.031463 0.041667