4 0.051871 0.565755 0.110544 0.102865
0 0.061650 0.651042 0.092687 0.106771
0 0.176446 0.630859 0.089286 0.170573
0 0.147959 0.509766 0.078231 0.087240
0 0.607143 0.308594 0.049320 0.044271
0 0.625000 0.261068 0.057823 0.045573
0 0.630527 0.150391 0.028061 0.042969
0 0.616071 0.222656 0.036565 0.031250
0 0.268707 0.533854 0.091837 0.132812
0 0.248724 0.443359 0.067177 0.079427
0 0.328231 0.389323 0.057823 0.075521
0 0.357993 0.432292 0.061224 0.080729
0 0.371599 0.343750 0.037415 0.062500
0 0.443027 0.310547 0.040816 0.092448
0 0.419643 0.260417 0.029762 0.044271
0 0.431122 0.197917 0.030612 0.041667
0 0.412840 0.354818 0.038265 0.061198
0 0.342262 0.193359 0.026361 0.050781
0 0.364371 0.156250 0.021259 0.041667
0 0.471514 0.216146 0.029762 0.049479
0 0.460034 0.272135 0.028912 0.054688
0 0.470663 0.046224 0.031463 0.042969
0 0.481718 0.161458 0.031463 0.041667