4 0.051871 0.565755 0.110544 0.102865
0 0.062500 0.649740 0.092687 0.106771
0 0.174745 0.632161 0.089286 0.170573
0 0.147959 0.508464 0.078231 0.087240
0 0.606293 0.307943 0.051020 0.045573
0 0.625000 0.261068 0.057823 0.045573
0 0.630527 0.150391 0.028061 0.042969
0 0.616922 0.222005 0.034864 0.029948
0 0.269558 0.533854 0.091837 0.132812
0 0.248724 0.444661 0.067177 0.079427
0 0.327806 0.388672 0.055272 0.071615
0 0.357993 0.433594 0.061224 0.080729
0 0.372449 0.345052 0.037415 0.062500
0 0.443027 0.311849 0.040816 0.092448
0 0.418793 0.264323 0.029762 0.044271
0 0.430272 0.203125 0.030612 0.041667
0 0.412840 0.354818 0.038265 0.061198
0 0.342262 0.194661 0.026361 0.050781
0 0.364371 0.156250 0.021259 0.041667
0 0.471514 0.217448 0.029762 0.049479
0 0.458759 0.269531 0.029762 0.057292
0 0.474065 0.037760 0.029762 0.041667
0 0.480867 0.169271 0.031463 0.041667