4 0.052721 0.565755 0.110544 0.102865
0 0.062500 0.651042 0.092687 0.106771
0 0.172194 0.634766 0.089286 0.170573
0 0.147109 0.509766 0.078231 0.087240
0 0.607993 0.308594 0.049320 0.044271
0 0.625000 0.261068 0.057823 0.045573
0 0.629677 0.150391 0.028061 0.042969
0 0.616922 0.220703 0.034864 0.029948
0 0.267857 0.532552 0.091837 0.132812
0 0.248724 0.444661 0.067177 0.079427
0 0.329082 0.389323 0.057823 0.075521
0 0.357993 0.433594 0.061224 0.080729
0 0.371599 0.343750 0.037415 0.062500
0 0.443878 0.311849 0.040816 0.092448
0 0.417942 0.266927 0.029762 0.044271
0 0.430272 0.207031 0.030612 0.041667
0 0.413690 0.354818 0.038265 0.061198
0 0.342262 0.194661 0.026361 0.050781
0 0.363520 0.157552 0.021259 0.041667
0 0.471514 0.218750 0.029762 0.049479
0 0.457908 0.270833 0.029762 0.057292
0 0.477466 0.033854 0.029762 0.041667
0 0.481718 0.169271 0.031463 0.041667