4 0.051871 0.565755 0.110544 0.102865
0 0.062500 0.651042 0.092687 0.106771
0 0.173044 0.633464 0.089286 0.170573
0 0.147109 0.508464 0.078231 0.087240
0 0.607993 0.309896 0.049320 0.044271
0 0.625000 0.261068 0.057823 0.045573
0 0.629677 0.150391 0.028061 0.042969
0 0.616071 0.220703 0.034864 0.029948
0 0.268707 0.533854 0.091837 0.132812
0 0.248724 0.444661 0.067177 0.079427
0 0.328231 0.388021 0.057823 0.075521
0 0.357143 0.434896 0.061224 0.080729
0 0.372449 0.343750 0.037415 0.062500
0 0.443878 0.311849 0.040816 0.092448
0 0.417092 0.266927 0.029762 0.044271
0 0.430272 0.207031 0.030612 0.041667
0 0.412840 0.353516 0.038265 0.061198
0 0.342262 0.194661 0.026361 0.050781
0 0.364371 0.157552 0.019558 0.039062
0 0.472364 0.218750 0.029762 0.049479
0 0.457908 0.269531 0.029762 0.057292
0 0.478316 0.033854 0.029762 0.041667
0 0.480867 0.170573 0.031463 0.041667