4 0.052721 0.565755 0.110544 0.102865
0 0.062500 0.652344 0.092687 0.106771
0 0.159737 0.657811 0.102126 0.166252
0 0.142491 0.514362 0.084302 0.091224
0 0.607993 0.309896 0.049320 0.044271
0 0.625850 0.261068 0.057823 0.045573
0 0.631411 0.163671 0.028061 0.037657
0 0.616071 0.222005 0.034864 0.029948
0 0.267007 0.536458 0.091837 0.132812
0 0.247874 0.443359 0.067177 0.079427
0 0.328656 0.389974 0.055272 0.071615
0 0.355442 0.433594 0.061224 0.080729
0 0.372449 0.343750 0.037415 0.062500
0 0.443878 0.311849 0.040816 0.092448
0 0.419728 0.272825 0.029762 0.048255
0 0.435076 0.217578 0.031480 0.049635
0 0.413690 0.353516 0.038265 0.061198
0 0.342262 0.194661 0.026361 0.050781
0 0.365221 0.157552 0.021259 0.041667
0 0.470663 0.218750 0.029762 0.049479
0 0.458759 0.270833 0.029762 0.057292
0 0.480017 0.174479 0.031463 0.041667
0 0.301020 0.330078 0.059524 0.063802
0 0.487641 0.123112 0.026886 0.053121
0 0.493712 0.065343 0.023417 0.035857
0 0.600388 0.131744 0.019947 0.049137