4 0.051871 0.564453 0.110544 0.102865
0 0.061650 0.651042 0.092687 0.106771
0 0.158163 0.656901 0.102041 0.165365
0 0.138180 0.514323 0.084184 0.091146
0 0.607143 0.309896 0.049320 0.044271
0 0.625000 0.261068 0.057823 0.045573
0 0.631378 0.162760 0.028061 0.036458
0 0.615221 0.222005 0.034864 0.029948
0 0.264456 0.537760 0.091837 0.132812
0 0.247874 0.443359 0.067177 0.079427
0 0.327806 0.389974 0.055272 0.071615
0 0.354592 0.433594 0.061224 0.080729
0 0.372449 0.343750 0.037415 0.062500
0 0.443878 0.311849 0.040816 0.092448
0 0.418793 0.274089 0.029762 0.048177
0 0.434099 0.218750 0.031463 0.049479
0 0.413690 0.352214 0.038265 0.061198
0 0.341412 0.193359 0.026361 0.050781
0 0.365221 0.157552 0.021259 0.041667
0 0.470663 0.218750 0.029762 0.049479
0 0.457908 0.270833 0.029762 0.057292
0 0.479167 0.175781 0.031463 0.041667
0 0.308673 0.320964 0.059524 0.063802
0 0.486820 0.125000 0.026361 0.052083
0 0.491922 0.067057 0.022959 0.035156
0 0.596939 0.134766 0.020408 0.050781