4 0.051446 0.565755 0.104592 0.097656
0 0.059949 0.651042 0.092687 0.106771
0 0.136054 0.671875 0.113946 0.158854
0 0.125000 0.518229 0.079932 0.085938
0 0.607143 0.308594 0.049320 0.044271
0 0.625850 0.261068 0.057823 0.045573
0 0.632228 0.160156 0.028061 0.036458
0 0.615221 0.223307 0.034864 0.029948
0 0.254252 0.546875 0.091837 0.132812
0 0.247874 0.442057 0.067177 0.079427
0 0.327381 0.389974 0.057823 0.074219
0 0.352891 0.437500 0.061224 0.080729
0 0.373299 0.343750 0.037415 0.062500
0 0.443878 0.311849 0.040816 0.092448
0 0.417942 0.276693 0.029762 0.048177
0 0.433248 0.221354 0.031463 0.049479
0 0.412840 0.353516 0.038265 0.061198
0 0.341412 0.194661 0.026361 0.050781
0 0.365221 0.157552 0.021259 0.041667
0 0.470663 0.220052 0.029762 0.049479
0 0.457908 0.271484 0.028061 0.053385
0 0.479167 0.178385 0.031463 0.041667
0 0.350340 0.270833 0.045918 0.049479
0 0.483844 0.139323 0.028912 0.057292
0 0.490221 0.083984 0.022959 0.035156
0 0.585910 0.153672 0.034064 0.041615