4 0.051871 0.567057 0.110544 0.102865
0 0.060799 0.652344 0.092687 0.106771
0 0.132653 0.675781 0.113946 0.158854
0 0.119048 0.520833 0.079932 0.085938
0 0.606293 0.308594 0.049320 0.044271
0 0.625850 0.261068 0.057823 0.045573
0 0.631378 0.160156 0.028061 0.036458
0 0.615221 0.221354 0.036565 0.031250
0 0.250000 0.553385 0.091837 0.132812
0 0.248724 0.440755 0.067177 0.079427
0 0.327806 0.392578 0.055272 0.071615
0 0.349915 0.439453 0.063776 0.084635
0 0.372449 0.345052 0.037415 0.062500
0 0.443878 0.311849 0.040816 0.092448
0 0.417092 0.276693 0.029762 0.048177
0 0.433248 0.222656 0.031463 0.049479
0 0.412840 0.352214 0.038265 0.061198
0 0.342262 0.193359 0.026361 0.050781
0 0.365221 0.156250 0.021259 0.041667
0 0.469813 0.217448 0.029762 0.049479
0 0.458759 0.272786 0.028061 0.053385
0 0.479167 0.178385 0.031463 0.041667
0 0.365646 0.251302 0.044218 0.046875
0 0.482993 0.141927 0.028912 0.057292
0 0.490221 0.089193 0.022959 0.035156
0 0.578231 0.159505 0.035714 0.042969