4 0.052296 0.565755 0.104592 0.097656
0 0.059949 0.651042 0.092687 0.106771
0 0.119473 0.684245 0.114796 0.162760
0 0.116497 0.520833 0.079932 0.085938
0 0.607143 0.308594 0.049320 0.044271
0 0.625850 0.261068 0.057823 0.045573
0 0.632228 0.161458 0.028061 0.036458
0 0.615221 0.223958 0.036565 0.031250
0 0.245748 0.558594 0.091837 0.132812
0 0.248724 0.440755 0.067177 0.079427
0 0.327806 0.391276 0.055272 0.071615
0 0.349065 0.442057 0.063776 0.084635
0 0.372449 0.343750 0.037415 0.062500
0 0.443027 0.311849 0.040816 0.092448
0 0.417942 0.277995 0.029762 0.048177
0 0.433248 0.222656 0.031463 0.049479
0 0.411139 0.354818 0.038265 0.061198
0 0.342262 0.194661 0.026361 0.050781
0 0.364371 0.156250 0.021259 0.041667
0 0.470663 0.220052 0.029762 0.049479
0 0.458759 0.271484 0.028061 0.053385
0 0.480867 0.179688 0.031463 0.041667
0 0.367772 0.241536 0.039966 0.045573
0 0.482993 0.144531 0.028912 0.057292
0 0.489371 0.090495 0.022959 0.035156
0 0.574830 0.163411 0.035714 0.042969