4 0.051446 0.565755 0.104592 0.097656
0 0.059949 0.651042 0.092687 0.106771
0 0.108418 0.692057 0.114796 0.154948
0 0.113095 0.523438 0.079932 0.085938
0 0.607143 0.308594 0.049320 0.044271
0 0.625000 0.261068 0.057823 0.045573
0 0.632228 0.160156 0.028061 0.036458
0 0.614371 0.223958 0.036565 0.031250
0 0.239796 0.565104 0.091837 0.132812
0 0.248724 0.442057 0.067177 0.079427
0 0.326956 0.391276 0.055272 0.071615
0 0.348214 0.444661 0.063776 0.084635
0 0.372449 0.345052 0.037415 0.062500
0 0.443878 0.310547 0.040816 0.092448
0 0.417092 0.279297 0.029762 0.048177
0 0.432398 0.221354 0.031463 0.049479
0 0.411990 0.354818 0.038265 0.061198
0 0.342262 0.193359 0.026361 0.050781
0 0.365221 0.156250 0.021259 0.041667
0 0.469813 0.217448 0.029762 0.049479
0 0.458759 0.270182 0.028061 0.053385
0 0.479167 0.180990 0.031463 0.041667
0 0.375000 0.222656 0.034014 0.039062
0 0.482993 0.143229 0.028912 0.057292
0 0.487670 0.097005 0.022959 0.035156
0 0.567177 0.167318 0.035714 0.042969