4 0.052296 0.565755 0.104592 0.097656
0 0.059949 0.649740 0.092687 0.106771
0 0.108418 0.694661 0.114796 0.154948
0 0.113095 0.523438 0.079932 0.085938
0 0.606293 0.308594 0.049320 0.044271
0 0.625000 0.261068 0.057823 0.045573
0 0.632228 0.161458 0.028061 0.036458
0 0.614371 0.221354 0.036565 0.031250
0 0.240646 0.565104 0.091837 0.132812
0 0.248724 0.443359 0.067177 0.079427
0 0.326956 0.391276 0.055272 0.071615
0 0.347364 0.443359 0.063776 0.084635
0 0.371599 0.343750 0.037415 0.062500
0 0.443878 0.311849 0.040816 0.092448
0 0.417092 0.279297 0.029762 0.048177
0 0.433248 0.222656 0.031463 0.049479
0 0.411139 0.354818 0.038265 0.061198
0 0.342262 0.193359 0.026361 0.050781
0 0.365221 0.156250 0.021259 0.041667
0 0.469813 0.218750 0.029762 0.049479
0 0.458759 0.271484 0.028061 0.053385
0 0.480017 0.180990 0.031463 0.041667
0 0.375000 0.223958 0.032313 0.036458
0 0.482993 0.144531 0.028912 0.057292
0 0.487245 0.097656 0.023810 0.036458
0 0.567177 0.167318 0.035714 0.042969