4 0.051871 0.565755 0.110544 0.102865
0 0.059099 0.649740 0.092687 0.106771
0 0.091412 0.702474 0.114796 0.154948
0 0.109694 0.523438 0.079932 0.085938
0 0.607143 0.308594 0.049320 0.044271
0 0.625000 0.261068 0.057823 0.045573
0 0.631378 0.161458 0.028061 0.036458
0 0.615221 0.223958 0.036565 0.031250
0 0.232143 0.572917 0.091837 0.132812
0 0.247874 0.440755 0.067177 0.079427
0 0.327806 0.391276 0.055272 0.071615
0 0.346514 0.445964 0.063776 0.084635
0 0.372449 0.342448 0.037415 0.062500
0 0.443878 0.310547 0.040816 0.092448
0 0.416241 0.280599 0.029762 0.048177
0 0.432398 0.221354 0.031463 0.049479
0 0.409439 0.358724 0.038265 0.061198
0 0.341412 0.194661 0.026361 0.050781
0 0.364371 0.156250 0.021259 0.041667
0 0.469813 0.220052 0.029762 0.049479
0 0.457908 0.270182 0.028061 0.053385
0 0.480017 0.180990 0.031463 0.041667
0 0.386905 0.207031 0.034014 0.039062
0 0.482568 0.145833 0.028061 0.054688
0 0.483844 0.102865 0.025510 0.039062
0 0.560374 0.171224 0.035714 0.042969