4 0.051871 0.567057 0.110544 0.102865
0 0.059949 0.649740 0.092687 0.106771
0 0.082908 0.710286 0.114796 0.154948
0 0.107143 0.524740 0.079932 0.085938
0 0.611479 0.314544 0.054523 0.048255
0 0.625850 0.261068 0.057823 0.045573
0 0.631378 0.160156 0.028061 0.036458
0 0.615221 0.221354 0.036565 0.031250
0 0.227466 0.577474 0.096088 0.139323
0 0.251343 0.451379 0.068911 0.090051
0 0.326956 0.391276 0.055272 0.071615
0 0.335273 0.460546 0.063776 0.087291
0 0.372449 0.343750 0.037415 0.062500
0 0.449949 0.311849 0.040816 0.084480
0 0.416241 0.281901 0.029762 0.048177
0 0.433248 0.223958 0.031463 0.049479
0 0.411190 0.373306 0.041734 0.066510
0 0.342262 0.194661 0.026361 0.050781
0 0.365221 0.154948 0.021259 0.041667
0 0.470663 0.220052 0.029762 0.049479
0 0.458759 0.271484 0.028061 0.053385
0 0.480867 0.180990 0.031463 0.041667
0 0.390306 0.199219 0.034014 0.039062
0 0.481293 0.147135 0.028912 0.057292
0 0.481718 0.106120 0.026361 0.040365
0 0.557823 0.173828 0.037415 0.045573