4 0.050170 0.565755 0.110544 0.102865
0 0.058248 0.649740 0.092687 0.106771
0 0.078656 0.712891 0.114796 0.154948
0 0.095663 0.530599 0.068878 0.074219
0 0.612245 0.313151 0.054422 0.048177
0 0.625000 0.262370 0.057823 0.045573
0 0.632228 0.160156 0.028061 0.036458
0 0.614371 0.220052 0.036565 0.031250
0 0.210459 0.593099 0.096088 0.139323
0 0.251276 0.451172 0.068878 0.089844
0 0.325680 0.389974 0.057823 0.074219
0 0.329932 0.466797 0.069728 0.095052
0 0.372449 0.343750 0.037415 0.062500
0 0.448129 0.309896 0.042517 0.088542
0 0.415391 0.283203 0.029762 0.048177
0 0.432398 0.226562 0.031463 0.049479
0 0.402636 0.386068 0.041667 0.066406
0 0.342262 0.194661 0.026361 0.050781
0 0.365221 0.153646 0.021259 0.041667
0 0.470663 0.217448 0.029762 0.049479
0 0.458759 0.272786 0.028061 0.053385
0 0.480017 0.179688 0.031463 0.041667
0 0.405612 0.160156 0.032313 0.036458
0 0.481293 0.151693 0.027211 0.053385
0 0.467262 0.117839 0.026361 0.040365
0 0.541667 0.194661 0.037415 0.045573