4 0.050170 0.567057 0.110544 0.102865
0 0.058248 0.651042 0.092687 0.106771
0 0.077806 0.715495 0.114796 0.154948
0 0.095663 0.527995 0.062075 0.066406
0 0.612245 0.313151 0.054422 0.048177
0 0.624150 0.262370 0.057823 0.045573
0 0.632228 0.160156 0.028061 0.036458
0 0.614371 0.220052 0.036565 0.031250
0 0.209609 0.594401 0.096088 0.139323
0 0.250425 0.451172 0.068878 0.089844
0 0.324830 0.388672 0.057823 0.074219
0 0.330782 0.465495 0.069728 0.095052
0 0.372449 0.343750 0.037415 0.062500
0 0.448129 0.309896 0.042517 0.088542
0 0.416241 0.281901 0.029762 0.048177
0 0.432398 0.226562 0.031463 0.049479
0 0.402636 0.387370 0.041667 0.066406
0 0.343112 0.194661 0.026361 0.050781
0 0.365221 0.153646 0.021259 0.041667
0 0.469813 0.217448 0.029762 0.049479
0 0.457058 0.271484 0.028061 0.053385
0 0.480017 0.180990 0.031463 0.041667
0 0.403912 0.157552 0.032313 0.036458
0 0.481293 0.152344 0.028912 0.057292
0 0.468112 0.116536 0.026361 0.040365
0 0.540816 0.195964 0.037415 0.045573