4 0.050170 0.565755 0.110544 0.102865
0 0.057398 0.651042 0.092687 0.106771
0 0.078656 0.715495 0.114796 0.154948
0 0.093537 0.527995 0.059524 0.063802
0 0.612245 0.313151 0.054422 0.048177
0 0.625850 0.261068 0.057823 0.045573
0 0.631378 0.161458 0.028061 0.036458
0 0.614371 0.220052 0.036565 0.031250
0 0.207908 0.597005 0.096088 0.139323
0 0.249575 0.451172 0.068878 0.089844
0 0.325680 0.389974 0.057823 0.074219
0 0.329082 0.468099 0.069728 0.095052
0 0.372449 0.345052 0.037415 0.062500
0 0.448980 0.311198 0.040816 0.083333
0 0.416241 0.281901 0.029762 0.048177
0 0.432398 0.227865 0.031463 0.049479
0 0.399235 0.391276 0.041667 0.066406
0 0.342262 0.194661 0.026361 0.050781
0 0.364371 0.153646 0.021259 0.041667
0 0.469813 0.217448 0.029762 0.049479
0 0.457908 0.270182 0.028061 0.053385
0 0.480867 0.182292 0.031463 0.041667
0 0.406463 0.151042 0.032313 0.036458
0 0.480442 0.152344 0.028912 0.057292
0 0.465561 0.120443 0.026361 0.040365
0 0.537415 0.203776 0.037415 0.045573