4 0.050170 0.565755 0.110544 0.102865
0 0.059099 0.652344 0.092687 0.106771
0 0.077806 0.715495 0.114796 0.154948
0 0.612245 0.314453 0.054422 0.048177
0 0.625000 0.262370 0.057823 0.045573
0 0.631378 0.161458 0.028061 0.036458
0 0.613520 0.220703 0.038265 0.032552
0 0.201956 0.603516 0.096088 0.139323
0 0.251276 0.451172 0.068878 0.089844
0 0.326105 0.391276 0.055272 0.071615
0 0.324830 0.470703 0.073129 0.100260
0 0.371599 0.345052 0.037415 0.062500
0 0.447279 0.312500 0.040816 0.083333
0 0.416241 0.281901 0.029762 0.048177
0 0.431548 0.226562 0.031463 0.049479
0 0.387330 0.405599 0.043367 0.069010
0 0.343112 0.194661 0.026361 0.050781
0 0.365221 0.153646 0.021259 0.041667
0 0.470663 0.217448 0.029762 0.049479
0 0.458333 0.271484 0.028912 0.055990
0 0.480017 0.180990 0.031463 0.041667
0 0.415391 0.128255 0.026361 0.029948
0 0.481293 0.152344 0.028912 0.057292
0 0.457058 0.130859 0.026361 0.040365
0 0.530612 0.231771 0.042517 0.052083