4 0.051020 0.565755 0.110544 0.102865
0 0.058248 0.651042 0.092687 0.106771
0 0.077806 0.715495 0.114796 0.154948
0 0.611395 0.315755 0.054422 0.048177
0 0.624150 0.259766 0.057823 0.045573
0 0.631378 0.160156 0.028061 0.036458
0 0.614371 0.222005 0.038265 0.032552
0 0.199405 0.607422 0.096088 0.139323
0 0.251276 0.449870 0.068878 0.089844
0 0.325255 0.389974 0.055272 0.071615
0 0.323129 0.473307 0.073129 0.100260
0 0.372449 0.343750 0.039116 0.065104
0 0.446429 0.312500 0.042517 0.088542
0 0.416241 0.281901 0.029762 0.048177
0 0.432398 0.226562 0.031463 0.049479
0 0.385204 0.412760 0.045918 0.072917
0 0.342262 0.194661 0.026361 0.050781
0 0.365221 0.153646 0.021259 0.041667
0 0.470663 0.218750 0.029762 0.049479
0 0.457483 0.271484 0.028912 0.055990
0 0.480867 0.180990 0.031463 0.041667
0 0.420918 0.111328 0.030612 0.035156
0 0.480442 0.153646 0.028912 0.057292
0 0.451956 0.139974 0.024660 0.037760
0 0.520833 0.266276 0.036565 0.061198