4 0.062925 0.583984 0.113946 0.102865
0 0.058248 0.649740 0.092687 0.106771
0 0.078656 0.715495 0.114796 0.154948
0 0.611395 0.311849 0.054422 0.048177
0 0.624150 0.259766 0.057823 0.045573
0 0.631378 0.158854 0.028061 0.036458
0 0.614371 0.222005 0.038265 0.032552
0 0.196003 0.608724 0.096088 0.139323
0 0.250425 0.447266 0.068878 0.089844
0 0.326956 0.389974 0.055272 0.071615
0 0.322279 0.472005 0.073129 0.100260
0 0.376701 0.341146 0.049320 0.065104
0 0.442177 0.325521 0.042517 0.088542
0 0.414541 0.283203 0.029762 0.048177
0 0.430697 0.226562 0.031463 0.049479
0 0.381803 0.412760 0.045918 0.072917
0 0.341412 0.193359 0.026361 0.050781
0 0.364371 0.152344 0.021259 0.041667
0 0.469813 0.218750 0.029762 0.049479
0 0.456633 0.270182 0.028912 0.055990
0 0.480867 0.180990 0.031463 0.041667
0 0.426020 0.100911 0.030612 0.035156
0 0.479592 0.152344 0.028912 0.057292
0 0.448554 0.147786 0.024660 0.037760
0 0.516582 0.285807 0.038265 0.063802