4 0.062925 0.582682 0.113946 0.102865
0 0.058248 0.651042 0.092687 0.106771
0 0.079507 0.715495 0.114796 0.154948
0 0.611395 0.313151 0.054422 0.048177
0 0.625000 0.259766 0.057823 0.045573
0 0.631378 0.161458 0.028061 0.036458
0 0.614371 0.220703 0.038265 0.032552
0 0.195153 0.607422 0.096088 0.139323
0 0.249575 0.447266 0.068878 0.089844
0 0.326956 0.391276 0.055272 0.071615
0 0.322279 0.472005 0.073129 0.100260
0 0.377551 0.342448 0.049320 0.065104
0 0.442177 0.328125 0.042517 0.088542
0 0.415391 0.283203 0.029762 0.048177
0 0.432398 0.226562 0.031463 0.049479
0 0.380952 0.414062 0.045918 0.072917
0 0.342262 0.193359 0.026361 0.050781
0 0.364371 0.152344 0.021259 0.041667
0 0.469813 0.217448 0.029762 0.049479
0 0.457483 0.270182 0.028912 0.055990
0 0.480017 0.179688 0.031463 0.041667
0 0.427721 0.097005 0.030612 0.035156
0 0.479592 0.152344 0.028912 0.057292
0 0.446854 0.149089 0.024660 0.037760
0 0.514881 0.297526 0.038265 0.063802