4 0.062925 0.583984 0.113946 0.102865
0 0.057398 0.651042 0.092687 0.106771
0 0.079507 0.714193 0.114796 0.154948
0 0.610544 0.311849 0.054422 0.048177
0 0.625000 0.258464 0.057823 0.045573
0 0.631378 0.160156 0.028061 0.036458
0 0.613946 0.222005 0.035714 0.029948
0 0.195153 0.608724 0.096088 0.139323
0 0.249575 0.448568 0.068878 0.089844
0 0.326105 0.391276 0.055272 0.071615
0 0.320578 0.473307 0.073129 0.100260
0 0.376701 0.342448 0.049320 0.065104
0 0.439626 0.331380 0.044218 0.092448
0 0.413690 0.283203 0.029762 0.048177
0 0.431548 0.225260 0.031463 0.049479
0 0.380952 0.414062 0.045918 0.072917
0 0.343112 0.193359 0.026361 0.050781
0 0.365221 0.154948 0.021259 0.041667
0 0.470663 0.218750 0.029762 0.049479
0 0.458333 0.270182 0.028912 0.055990
0 0.480017 0.179688 0.031463 0.041667
0 0.431122 0.087891 0.030612 0.035156
0 0.479592 0.153646 0.028912 0.057292
0 0.446003 0.154297 0.024660 0.037760
0 0.508929 0.315104 0.036565 0.067708