4 0.064201 0.585286 0.107993 0.097656
0 0.058248 0.652344 0.092687 0.106771
0 0.077806 0.714193 0.114796 0.154948
0 0.611395 0.313151 0.054422 0.048177
0 0.625000 0.258464 0.057823 0.045573
0 0.632228 0.160156 0.028061 0.036458
0 0.615221 0.222005 0.038265 0.032552
0 0.196003 0.610026 0.096088 0.139323
0 0.249575 0.448568 0.068878 0.089844
0 0.326956 0.391276 0.055272 0.071615
0 0.320578 0.474609 0.073129 0.100260
0 0.375850 0.342448 0.049320 0.065104
0 0.431548 0.336589 0.041667 0.082031
0 0.414541 0.281901 0.029762 0.048177
0 0.430697 0.226562 0.031463 0.049479
0 0.381803 0.412760 0.045918 0.072917
0 0.342262 0.193359 0.026361 0.050781
0 0.365221 0.152344 0.021259 0.041667
0 0.469813 0.217448 0.029762 0.049479
0 0.457483 0.268880 0.028912 0.055990
0 0.480867 0.180990 0.031463 0.041667
0 0.436224 0.077474 0.030612 0.035156
0 0.478741 0.152344 0.028912 0.057292
0 0.444728 0.160156 0.025510 0.039062
0 0.503860 0.343125 0.039966 0.074219
0 0.480867 0.095052 0.019558 0.033854