4 0.064201 0.585286 0.107993 0.097656
0 0.057398 0.651042 0.092687 0.106771
0 0.078656 0.714193 0.114796 0.154948
0 0.611395 0.311849 0.054422 0.048177
0 0.625000 0.258464 0.057823 0.045573
0 0.631378 0.161458 0.028061 0.036458
0 0.614371 0.222005 0.038265 0.032552
0 0.195153 0.610026 0.096088 0.139323
0 0.249575 0.449870 0.068878 0.089844
0 0.326105 0.391276 0.055272 0.071615
0 0.321429 0.474609 0.073129 0.100260
0 0.376701 0.341146 0.049320 0.065104
0 0.429847 0.340495 0.041667 0.082031
0 0.413690 0.283203 0.029762 0.048177
0 0.431548 0.225260 0.031463 0.049479
0 0.380952 0.412760 0.045918 0.072917
0 0.342262 0.194661 0.026361 0.050781
0 0.365221 0.153646 0.021259 0.041667
0 0.469813 0.218750 0.029762 0.049479
0 0.458333 0.270182 0.028912 0.055990
0 0.480867 0.179688 0.031463 0.041667
0 0.440476 0.070964 0.028912 0.032552
0 0.478741 0.152344 0.028912 0.057292
0 0.443452 0.162109 0.026361 0.040365
0 0.497874 0.377604 0.041667 0.091146
0 0.485544 0.101562 0.020408 0.036458