4 0.064201 0.577474 0.107993 0.110677
0 0.058248 0.651042 0.092687 0.106771
0 0.078656 0.715495 0.114796 0.154948
0 0.610119 0.311198 0.056973 0.049479
0 0.625000 0.255859 0.057823 0.045573
0 0.630527 0.161458 0.028061 0.036458
0 0.614371 0.219401 0.038265 0.032552
0 0.186650 0.608724 0.096088 0.147135
0 0.249575 0.448568 0.068878 0.089844
0 0.325255 0.389974 0.055272 0.071615
0 0.320578 0.474609 0.073129 0.100260
0 0.376701 0.342448 0.049320 0.065104
0 0.426020 0.343750 0.044218 0.085938
0 0.414541 0.281901 0.029762 0.048177
0 0.431548 0.223958 0.031463 0.049479
0 0.380952 0.412760 0.045918 0.072917
0 0.341412 0.192057 0.026361 0.050781
0 0.364371 0.152344 0.021259 0.041667
0 0.469813 0.218750 0.029762 0.049479
0 0.455782 0.271484 0.028912 0.055990
0 0.479167 0.179688 0.031463 0.041667
0 0.451105 0.052734 0.026361 0.029948
0 0.479592 0.152344 0.028912 0.057292
0 0.441752 0.169922 0.026361 0.040365
0 0.474065 0.460938 0.048469 0.106771
0 0.497874 0.115885 0.019558 0.033854