4 0.064201 0.578776 0.107993 0.110677
0 0.058248 0.652344 0.092687 0.106771
0 0.078656 0.714193 0.114796 0.154948
0 0.610969 0.311198 0.056973 0.049479
0 0.624150 0.255859 0.057823 0.045573
0 0.631378 0.161458 0.028061 0.036458
0 0.613520 0.219401 0.038265 0.032552
0 0.186650 0.607422 0.096088 0.147135
0 0.249575 0.448568 0.068878 0.089844
0 0.325255 0.389974 0.055272 0.071615
0 0.320578 0.473307 0.073129 0.100260
0 0.376701 0.339844 0.049320 0.065104
0 0.425170 0.345052 0.044218 0.085938
0 0.415391 0.280599 0.029762 0.048177
0 0.430697 0.223958 0.031463 0.049479
0 0.380952 0.412760 0.045918 0.072917
0 0.340561 0.193359 0.026361 0.050781
0 0.364371 0.153646 0.021259 0.041667
0 0.470663 0.218750 0.029762 0.049479
0 0.455782 0.272786 0.028912 0.055990
0 0.479167 0.179688 0.031463 0.041667
0 0.452806 0.052734 0.026361 0.029948
0 0.479592 0.152344 0.028912 0.057292
0 0.440901 0.169922 0.026361 0.040365
0 0.466412 0.479167 0.050170 0.111979
0 0.500850 0.116536 0.020408 0.035156