4 0.065051 0.578776 0.107993 0.110677
0 0.058248 0.652344 0.092687 0.106771
0 0.077806 0.715495 0.114796 0.154948
0 0.610119 0.309896 0.056973 0.049479
0 0.625000 0.254557 0.057823 0.045573
0 0.631378 0.158854 0.028061 0.036458
0 0.613095 0.219401 0.035714 0.029948
0 0.186650 0.608724 0.096088 0.147135
0 0.249575 0.448568 0.068878 0.089844
0 0.323554 0.389974 0.055272 0.071615
0 0.320578 0.475911 0.073129 0.100260
0 0.375850 0.341146 0.049320 0.065104
0 0.422619 0.347656 0.044218 0.085938
0 0.415391 0.281901 0.029762 0.048177
0 0.432398 0.222656 0.031463 0.049479
0 0.380102 0.411458 0.047619 0.075521
0 0.341412 0.194661 0.026361 0.050781
0 0.365221 0.153646 0.021259 0.041667
0 0.470663 0.218750 0.029762 0.049479
0 0.454507 0.276693 0.029762 0.058594
0 0.480017 0.179688 0.031463 0.041667
0 0.461310 0.039714 0.024660 0.027344
0 0.479592 0.153646 0.028912 0.057292
0 0.439201 0.172526 0.024660 0.037760
0 0.454507 0.554036 0.058673 0.128906
0 0.508078 0.132161 0.022959 0.040365