4 0.065051 0.580078 0.107993 0.110677
0 0.058248 0.652344 0.092687 0.106771
0 0.077806 0.714193 0.114796 0.154948
0 0.610969 0.309896 0.056973 0.049479
0 0.625000 0.254557 0.057823 0.045573
0 0.631378 0.158854 0.028061 0.036458
0 0.613946 0.218099 0.035714 0.029948
0 0.188350 0.607422 0.096088 0.147135
0 0.249575 0.448568 0.068878 0.089844
0 0.325255 0.389974 0.055272 0.071615
0 0.320578 0.475911 0.073129 0.100260
0 0.375850 0.341146 0.049320 0.065104
0 0.422619 0.350260 0.044218 0.085938
0 0.415391 0.281901 0.029762 0.048177
0 0.431548 0.222656 0.031463 0.049479
0 0.380952 0.412760 0.047619 0.075521
0 0.339711 0.194661 0.026361 0.050781
0 0.365221 0.153646 0.021259 0.041667
0 0.470663 0.218750 0.029762 0.049479
0 0.453656 0.279297 0.029762 0.058594
0 0.480017 0.179688 0.031463 0.041667
0 0.462585 0.039062 0.023810 0.026042
0 0.479592 0.153646 0.028912 0.057292
0 0.439201 0.172526 0.024660 0.037760
0 0.447704 0.572266 0.058673 0.128906
0 0.508078 0.136068 0.022959 0.040365