4 0.065051 0.578776 0.107993 0.110677
0 0.058248 0.652344 0.092687 0.106771
0 0.078656 0.714193 0.114796 0.154948
0 0.610969 0.311198 0.056973 0.049479
0 0.625000 0.254557 0.057823 0.045573
0 0.632228 0.160156 0.028061 0.036458
0 0.613095 0.218099 0.035714 0.029948
0 0.187500 0.607422 0.096088 0.147135
0 0.248724 0.447266 0.068878 0.089844
0 0.324405 0.391276 0.055272 0.071615
0 0.319728 0.475911 0.073129 0.100260
0 0.375850 0.342448 0.049320 0.065104
0 0.421769 0.350260 0.044218 0.085938
0 0.414541 0.281901 0.029762 0.048177
0 0.430697 0.223958 0.031463 0.049479
0 0.380952 0.410156 0.047619 0.075521
0 0.340561 0.194661 0.026361 0.050781
0 0.365221 0.154948 0.021259 0.041667
0 0.469813 0.218750 0.029762 0.049479
0 0.452806 0.280599 0.029762 0.058594
0 0.480017 0.180990 0.031463 0.041667
0 0.462585 0.039062 0.023810 0.026042
0 0.479592 0.151693 0.027211 0.053385
0 0.440901 0.172526 0.024660 0.037760
0 0.437500 0.597656 0.067177 0.148438
0 0.511480 0.139974 0.022959 0.040365