4 0.065051 0.580078 0.107993 0.110677
0 0.058248 0.651042 0.092687 0.106771
0 0.077806 0.715495 0.114796 0.154948
0 0.610969 0.311198 0.056973 0.049479
0 0.624150 0.255859 0.057823 0.045573
0 0.632228 0.160156 0.028061 0.036458
0 0.613946 0.219401 0.035714 0.029948
0 0.187500 0.607422 0.096088 0.147135
0 0.249575 0.447266 0.068878 0.089844
0 0.324405 0.389974 0.055272 0.071615
0 0.319728 0.474609 0.073129 0.100260
0 0.376701 0.341146 0.049320 0.065104
0 0.421769 0.350260 0.044218 0.085938
0 0.414541 0.280599 0.029762 0.048177
0 0.430697 0.223958 0.031463 0.049479
0 0.380952 0.411458 0.047619 0.075521
0 0.341412 0.193359 0.026361 0.050781
0 0.366071 0.154948 0.021259 0.041667
0 0.469813 0.217448 0.029762 0.049479
0 0.451956 0.281901 0.029762 0.058594
0 0.480017 0.180990 0.031463 0.041667
0 0.462585 0.039062 0.023810 0.026042
0 0.478741 0.153646 0.028912 0.057292
0 0.440051 0.175130 0.024660 0.037760
0 0.436650 0.597656 0.067177 0.148438
0 0.511480 0.139974 0.022959 0.040365