4 0.065051 0.578776 0.107993 0.110677
0 0.058248 0.651042 0.092687 0.106771
0 0.077806 0.714193 0.114796 0.154948
0 0.610119 0.311198 0.056973 0.049479
0 0.624150 0.255859 0.057823 0.045573
0 0.631378 0.160156 0.028061 0.036458
0 0.613095 0.218099 0.035714 0.029948
0 0.187500 0.608724 0.096088 0.147135
0 0.249575 0.447266 0.068878 0.089844
0 0.324405 0.389974 0.055272 0.071615
0 0.319728 0.474609 0.073129 0.100260
0 0.376701 0.341146 0.049320 0.065104
0 0.420068 0.351562 0.044218 0.085938
0 0.414541 0.280599 0.029762 0.048177
0 0.431548 0.223958 0.031463 0.049479
0 0.380952 0.411458 0.047619 0.075521
0 0.339711 0.192057 0.026361 0.050781
0 0.366071 0.154948 0.021259 0.041667
0 0.469813 0.218750 0.029762 0.049479
0 0.451956 0.283203 0.029762 0.058594
0 0.480017 0.179688 0.031463 0.041667
0 0.479592 0.152344 0.028912 0.057292
0 0.439201 0.173828 0.024660 0.037760
0 0.426446 0.627604 0.067177 0.148438
0 0.511480 0.145182 0.022959 0.040365