4 0.065051 0.578776 0.107993 0.110677
0 0.059099 0.652344 0.092687 0.106771
0 0.077806 0.715495 0.114796 0.154948
0 0.610119 0.311198 0.056973 0.049479
0 0.625000 0.257161 0.057823 0.045573
0 0.631378 0.160156 0.028061 0.036458
0 0.613946 0.220703 0.035714 0.029948
0 0.184099 0.611328 0.096088 0.147135
0 0.250425 0.447266 0.068878 0.089844
0 0.324405 0.389974 0.055272 0.071615
0 0.320578 0.475911 0.073129 0.100260
0 0.376701 0.342448 0.049320 0.065104
0 0.419218 0.352214 0.045918 0.089844
0 0.413690 0.281901 0.029762 0.048177
0 0.431548 0.222656 0.031463 0.049479
0 0.380952 0.411458 0.047619 0.075521
0 0.341412 0.195964 0.026361 0.050781
0 0.364371 0.152344 0.021259 0.041667
0 0.469813 0.220052 0.029762 0.049479
0 0.449405 0.288411 0.029762 0.058594
0 0.479167 0.178385 0.031463 0.041667
0 0.478741 0.153646 0.028912 0.057292
0 0.440051 0.173828 0.024660 0.037760
0 0.375000 0.752604 0.081633 0.179688
0 0.518282 0.175130 0.022959 0.040365