0 0.469531 0.470370 0.122396 0.083333
0 0.085938 0.424074 0.062500 0.044444
0 0.099479 0.313426 0.059375 0.073148
0 0.084375 0.359722 0.092708 0.091667
0 0.077083 0.289352 0.048958 0.050926
0 0.076563 0.258796 0.034375 0.041667
0 0.082031 0.222222 0.029687 0.042593
0 0.108854 0.199074 0.018750 0.020370
0 0.115885 0.749074 0.216146 0.159259
0 0.077344 0.952778 0.185938 0.127778
0 0.197396 0.497685 0.101042 0.071296
0 0.729427 0.600926 0.108854 0.111111
0 0.815625 0.844907 0.163542 0.117593
0 0.880729 0.489815 0.105208 0.120370