0 0.470573 0.472222 0.122396 0.083333
0 0.083854 0.419444 0.059375 0.042593
0 0.098437 0.310648 0.059375 0.073148
0 0.083333 0.357870 0.092708 0.091667
0 0.076823 0.287963 0.046354 0.048148
0 0.076563 0.256944 0.034375 0.041667
0 0.082552 0.218519 0.029687 0.042593
0 0.107292 0.198148 0.018750 0.020370
0 0.116406 0.748148 0.216146 0.159259
0 0.080469 0.956481 0.185938 0.127778
0 0.189323 0.491204 0.091146 0.063889
0 0.714844 0.600926 0.108854 0.111111
0 0.776042 0.842130 0.163542 0.117593
0 0.867708 0.490741 0.105208 0.120370