0 0.470573 0.472222 0.122396 0.083333
0 0.083333 0.418519 0.056250 0.040741
0 0.097396 0.307870 0.059375 0.073148
0 0.082812 0.356944 0.092708 0.091667
0 0.076823 0.287037 0.046354 0.048148
0 0.077604 0.255093 0.034375 0.041667
0 0.082552 0.219444 0.029687 0.042593
0 0.107031 0.198611 0.019271 0.021296
0 0.116406 0.749074 0.216146 0.159259
0 0.079948 0.959259 0.185938 0.127778
0 0.188802 0.490278 0.091146 0.063889
0 0.714323 0.601852 0.108854 0.111111
0 0.775521 0.843981 0.171875 0.123148
0 0.867708 0.492593 0.105208 0.120370