0 0.470573 0.471296 0.122396 0.083333
0 0.082812 0.420370 0.056250 0.040741
0 0.098437 0.308796 0.059375 0.073148
0 0.083333 0.356944 0.092708 0.091667
0 0.076302 0.287037 0.046354 0.048148
0 0.077604 0.256944 0.034375 0.041667
0 0.083073 0.221296 0.029687 0.042593
0 0.107031 0.196759 0.019271 0.021296
0 0.115365 0.744907 0.205729 0.150926
0 0.080990 0.959259 0.185938 0.127778
0 0.189323 0.489352 0.091146 0.063889
0 0.714323 0.600000 0.108854 0.111111
0 0.772396 0.846296 0.180208 0.129630
0 0.866667 0.492593 0.105208 0.120370