0 0.470573 0.470370 0.122396 0.083333
0 0.079167 0.413889 0.056250 0.040741
0 0.097396 0.306019 0.059375 0.073148
0 0.082812 0.353241 0.092708 0.091667
0 0.076302 0.284259 0.046354 0.048148
0 0.076563 0.253241 0.034375 0.041667
0 0.082292 0.218981 0.028125 0.039815
0 0.107292 0.196296 0.018750 0.020370
0 0.116406 0.747685 0.205729 0.150926
0 0.080990 0.959259 0.185938 0.127778
0 0.179948 0.483796 0.091146 0.063889
0 0.699219 0.600926 0.108854 0.111111
0 0.729688 0.843981 0.189583 0.136111
0 0.853646 0.496296 0.105208 0.120370