0 0.470573 0.470370 0.122396 0.083333
0 0.078125 0.411111 0.056250 0.040741
0 0.097396 0.303241 0.059375 0.073148
0 0.081771 0.352315 0.092708 0.091667
0 0.076302 0.282407 0.046354 0.048148
0 0.077604 0.253241 0.034375 0.041667
0 0.082292 0.216204 0.028125 0.039815
0 0.105729 0.196296 0.018750 0.020370
0 0.116146 0.745370 0.195833 0.144444
0 0.080990 0.960185 0.185938 0.127778
0 0.173177 0.480556 0.086979 0.061111
0 0.684115 0.600926 0.108854 0.111111
0 0.692187 0.838889 0.180208 0.129630
0 0.839583 0.499074 0.105208 0.120370