0 0.468750 0.472222 0.128125 0.087037
0 0.077344 0.412500 0.053646 0.037963
0 0.097396 0.302315 0.059375 0.073148
0 0.082292 0.351389 0.092708 0.091667
0 0.076302 0.281481 0.046354 0.048148
0 0.076563 0.253241 0.034375 0.041667
0 0.081771 0.216204 0.028125 0.039815
0 0.105729 0.195370 0.018750 0.020370
0 0.116927 0.748611 0.205729 0.150926
0 0.081510 0.959259 0.185938 0.127778
0 0.173698 0.482407 0.086979 0.061111
0 0.683073 0.602778 0.108854 0.111111
0 0.692708 0.837037 0.180208 0.129630
0 0.839063 0.499074 0.105208 0.120370