0 0.470052 0.473148 0.122396 0.083333
0 0.077865 0.410648 0.053646 0.037963
0 0.097396 0.302315 0.059375 0.073148
0 0.082292 0.349537 0.092708 0.091667
0 0.076302 0.280556 0.046354 0.048148
0 0.077604 0.252315 0.034375 0.041667
0 0.081250 0.216204 0.028125 0.039815
0 0.105729 0.195370 0.018750 0.020370
0 0.116406 0.748148 0.216146 0.159259
0 0.081510 0.960185 0.185938 0.127778
0 0.173698 0.480556 0.086979 0.061111
0 0.682552 0.600000 0.114062 0.116667
0 0.692708 0.839815 0.180208 0.129630
0 0.838021 0.500000 0.105208 0.120370