0 0.470052 0.470370 0.122396 0.083333
0 0.072135 0.406019 0.053646 0.037963
0 0.096875 0.299537 0.059375 0.073148
0 0.081771 0.344907 0.092708 0.091667
0 0.076302 0.279630 0.046354 0.048148
0 0.077083 0.249537 0.034375 0.041667
0 0.082292 0.213426 0.028125 0.039815
0 0.103125 0.192593 0.018750 0.020370
0 0.115365 0.748148 0.216146 0.159259
0 0.081510 0.958333 0.185938 0.127778
0 0.159635 0.474074 0.086979 0.061111
0 0.653385 0.603704 0.114062 0.116667
0 0.614062 0.840741 0.180208 0.129630
0 0.809896 0.506481 0.105208 0.120370