0 0.470052 0.470370 0.122396 0.083333
0 0.072135 0.403241 0.053646 0.037963
0 0.096875 0.298611 0.059375 0.073148
0 0.081771 0.346759 0.092708 0.091667
0 0.077344 0.278704 0.046354 0.048148
0 0.076563 0.248611 0.034375 0.041667
0 0.081771 0.213426 0.028125 0.039815
0 0.101562 0.192593 0.018750 0.020370
0 0.115885 0.745370 0.216146 0.159259
0 0.080990 0.959259 0.185938 0.127778
0 0.159115 0.471296 0.086979 0.061111
0 0.652865 0.602778 0.114062 0.116667
0 0.614062 0.836574 0.171875 0.123148
0 0.805729 0.504630 0.105208 0.120370