0 0.468750 0.472222 0.128125 0.087037
0 0.072135 0.405093 0.053646 0.037963
0 0.096354 0.298611 0.059375 0.073148
0 0.080729 0.345833 0.092708 0.091667
0 0.076823 0.278704 0.046354 0.048148
0 0.077604 0.247685 0.034375 0.041667
0 0.081250 0.213426 0.028125 0.039815
0 0.102083 0.192593 0.018750 0.020370
0 0.116927 0.750000 0.216146 0.159259
0 0.080990 0.958333 0.185938 0.127778
0 0.158594 0.469907 0.082812 0.058333
0 0.652344 0.601852 0.114062 0.116667
0 0.614583 0.834722 0.171875 0.123148
0 0.805208 0.504630 0.105208 0.120370