0 0.470052 0.473148 0.122396 0.083333
0 0.070573 0.401389 0.053646 0.037963
0 0.096354 0.293981 0.059375 0.073148
0 0.080208 0.343056 0.092708 0.091667
0 0.076302 0.275926 0.046354 0.048148
0 0.077083 0.247685 0.034375 0.041667
0 0.080990 0.212963 0.029687 0.042593
0 0.101562 0.191667 0.018750 0.020370
0 0.115885 0.749074 0.216146 0.159259
0 0.080469 0.959259 0.185938 0.127778
0 0.151823 0.468981 0.082812 0.058333
0 0.637760 0.601852 0.108854 0.111111
0 0.575521 0.833796 0.163542 0.117593
0 0.791667 0.510185 0.105208 0.120370