0 0.469531 0.473148 0.122396 0.083333
0 0.067969 0.395833 0.053646 0.037963
0 0.096875 0.293056 0.056250 0.069444
0 0.080208 0.340278 0.092708 0.091667
0 0.076302 0.274074 0.046354 0.048148
0 0.077604 0.244907 0.034375 0.041667
0 0.080469 0.211111 0.029687 0.042593
0 0.099219 0.190278 0.019271 0.021296
0 0.117448 0.748148 0.226562 0.166667
0 0.081510 0.958333 0.204687 0.140741
0 0.145573 0.462500 0.082812 0.058333
0 0.621615 0.601852 0.108854 0.111111
0 0.536719 0.836574 0.155729 0.112037
0 0.772396 0.512963 0.105208 0.120370