0 0.469010 0.473148 0.122396 0.083333
0 0.067969 0.393981 0.053646 0.037963
0 0.096354 0.288426 0.056250 0.069444
0 0.080208 0.336574 0.092708 0.091667
0 0.075781 0.272222 0.046354 0.048148
0 0.077083 0.244907 0.034375 0.041667
0 0.079948 0.212037 0.029687 0.042593
0 0.098437 0.190741 0.018750 0.020370
0 0.117448 0.749074 0.226562 0.166667
0 0.082031 0.955556 0.204687 0.140741
0 0.139583 0.459259 0.079167 0.055556
0 0.606510 0.603704 0.108854 0.111111
0 0.498698 0.836574 0.155729 0.112037
0 0.757292 0.514815 0.105208 0.120370