0 0.470052 0.473148 0.122396 0.083333
0 0.067969 0.394907 0.053646 0.037963
0 0.096354 0.289352 0.056250 0.069444
0 0.080729 0.339352 0.092708 0.091667
0 0.076823 0.272222 0.046354 0.048148
0 0.077083 0.244907 0.034375 0.041667
0 0.080990 0.212037 0.029687 0.042593
0 0.097396 0.191667 0.018750 0.020370
0 0.115885 0.748148 0.226562 0.166667
0 0.081510 0.957407 0.204687 0.140741
0 0.138542 0.459259 0.079167 0.055556
0 0.606510 0.604630 0.108854 0.111111
0 0.497135 0.836574 0.155729 0.112037
0 0.755208 0.515741 0.110417 0.125926