0 0.470052 0.471296 0.122396 0.083333
0 0.065104 0.387037 0.048958 0.035185
0 0.096875 0.283796 0.056250 0.069444
0 0.080729 0.333796 0.092708 0.091667
0 0.075781 0.267593 0.046354 0.048148
0 0.077604 0.241667 0.032292 0.038889
0 0.078385 0.207407 0.029687 0.042593
0 0.094271 0.187963 0.018750 0.020370
0 0.116406 0.749074 0.226562 0.166667
0 0.080990 0.956481 0.204687 0.140741
0 0.126042 0.449074 0.079167 0.055556
0 0.575781 0.601852 0.108854 0.111111
0 0.413021 0.829167 0.163542 0.117593
0 0.715365 0.517130 0.116146 0.132407