0 0.469531 0.470370 0.122396 0.083333
0 0.063281 0.386111 0.046354 0.033333
0 0.096875 0.282870 0.056250 0.069444
0 0.080729 0.331019 0.092708 0.091667
0 0.076302 0.264815 0.046354 0.048148
0 0.077083 0.239815 0.032292 0.038889
0 0.078646 0.208796 0.028125 0.039815
0 0.092708 0.188889 0.018750 0.020370
0 0.116406 0.750926 0.226562 0.166667
0 0.079427 0.956481 0.204687 0.140741
0 0.120833 0.447222 0.079167 0.055556
0 0.561198 0.600926 0.108854 0.111111
0 0.373958 0.829167 0.163542 0.117593
0 0.697656 0.522685 0.116146 0.132407