0 0.469531 0.470370 0.122396 0.083333
0 0.062760 0.386111 0.044271 0.031481
0 0.096354 0.281944 0.056250 0.069444
0 0.080729 0.330093 0.092708 0.091667
0 0.076302 0.265741 0.046354 0.048148
0 0.076563 0.237963 0.032292 0.038889
0 0.078646 0.206944 0.028125 0.039815
0 0.092708 0.187963 0.018750 0.020370
0 0.116406 0.749074 0.226562 0.166667
0 0.079427 0.956481 0.204687 0.140741
0 0.121354 0.445370 0.079167 0.055556
0 0.560156 0.600926 0.108854 0.111111
0 0.371354 0.830093 0.163542 0.117593
0 0.697135 0.523611 0.116146 0.132407