0 0.469010 0.470370 0.122396 0.083333
0 0.061719 0.384259 0.042188 0.029630
0 0.096875 0.280093 0.056250 0.069444
0 0.080729 0.326389 0.092708 0.091667
0 0.075781 0.263889 0.046354 0.048148
0 0.077083 0.237963 0.032292 0.038889
0 0.077604 0.206019 0.028125 0.039815
0 0.090625 0.186111 0.017708 0.018519
0 0.116406 0.747222 0.216146 0.159259
0 0.078906 0.959259 0.204687 0.140741
0 0.115625 0.443519 0.079167 0.055556
0 0.545573 0.600926 0.108854 0.111111
0 0.332813 0.828241 0.163542 0.117593
0 0.676823 0.521759 0.116146 0.132407