0 0.469531 0.471296 0.122396 0.083333
0 0.062240 0.382407 0.042188 0.029630
0 0.095833 0.279167 0.056250 0.069444
0 0.080208 0.328241 0.092708 0.091667
0 0.076302 0.263426 0.044271 0.045370
0 0.077344 0.235185 0.030729 0.037037
0 0.076563 0.206944 0.028125 0.039815
0 0.091146 0.186574 0.016667 0.017593
0 0.116927 0.750000 0.226562 0.166667
0 0.079427 0.957870 0.215104 0.147222
0 0.116146 0.442593 0.079167 0.055556
0 0.545052 0.600926 0.108854 0.111111
0 0.330729 0.829167 0.171875 0.123148
0 0.674219 0.518981 0.116146 0.132407
0 0.879687 0.575000 0.102083 0.094444