0 0.469531 0.471296 0.122396 0.083333
0 0.060677 0.380556 0.042188 0.029630
0 0.097396 0.277315 0.059375 0.073148
0 0.080208 0.323611 0.092708 0.091667
0 0.075781 0.262500 0.044271 0.045370
0 0.076823 0.234259 0.030729 0.037037
0 0.077083 0.206019 0.028125 0.039815
0 0.088021 0.185648 0.016667 0.017593
0 0.116927 0.748148 0.226562 0.166667
0 0.081510 0.956019 0.215104 0.147222
0 0.111458 0.437963 0.079167 0.055556
0 0.531510 0.600926 0.108854 0.111111
0 0.290625 0.831019 0.171875 0.123148
0 0.657031 0.523611 0.116146 0.132407
0 0.868750 0.576852 0.107292 0.100000