0 0.469531 0.470370 0.122396 0.083333
0 0.060156 0.380556 0.042188 0.029630
0 0.096875 0.277315 0.059375 0.073148
0 0.079427 0.321296 0.088021 0.087037
0 0.076302 0.262500 0.042188 0.043519
0 0.076302 0.236111 0.030729 0.037037
0 0.076042 0.205093 0.028125 0.039815
0 0.088542 0.184722 0.016667 0.017593
0 0.117448 0.748148 0.216146 0.159259
0 0.080469 0.960648 0.215104 0.147222
0 0.110417 0.436111 0.079167 0.055556
0 0.529948 0.598148 0.108854 0.111111
0 0.289583 0.832870 0.171875 0.123148
0 0.650260 0.519907 0.116146 0.132407
0 0.868229 0.577778 0.107292 0.100000