0 0.469010 0.470370 0.122396 0.083333
0 0.061198 0.377778 0.044271 0.031481
0 0.096354 0.272685 0.059375 0.073148
0 0.078906 0.318519 0.088021 0.087037
0 0.075781 0.260648 0.042188 0.043519
0 0.077344 0.233333 0.030729 0.037037
0 0.075521 0.203241 0.028125 0.039815
0 0.086979 0.185185 0.017708 0.018519
0 0.117448 0.748148 0.216146 0.159259
0 0.082552 0.955093 0.215104 0.147222
0 0.106250 0.433796 0.075000 0.052778
0 0.514844 0.600000 0.108854 0.111111
0 0.247917 0.834722 0.171875 0.123148
0 0.632812 0.523148 0.121875 0.138889
0 0.854167 0.579630 0.107292 0.100000