0 0.470052 0.472222 0.122396 0.083333
0 0.061719 0.376852 0.044271 0.031481
0 0.096875 0.272685 0.059375 0.073148
0 0.079427 0.320370 0.088021 0.087037
0 0.075781 0.259722 0.044271 0.045370
0 0.076823 0.233333 0.030729 0.037037
0 0.076042 0.203241 0.028125 0.039815
0 0.086979 0.184259 0.017708 0.018519
0 0.117448 0.747222 0.216146 0.159259
0 0.081510 0.959722 0.215104 0.147222
0 0.105990 0.432407 0.071354 0.050000
0 0.513802 0.598148 0.108854 0.111111
0 0.247396 0.832870 0.171875 0.123148
0 0.625000 0.517593 0.121875 0.138889
0 0.854167 0.580556 0.107292 0.100000