0 0.470052 0.472222 0.122396 0.083333
0 0.061719 0.375926 0.046354 0.033333
0 0.096354 0.273611 0.059375 0.073148
0 0.078906 0.317593 0.088021 0.087037
0 0.075781 0.259722 0.044271 0.045370
0 0.076302 0.233333 0.029687 0.035185
0 0.075521 0.204167 0.028125 0.039815
0 0.086979 0.184259 0.017708 0.018519
0 0.117448 0.747222 0.216146 0.159259
0 0.082031 0.956019 0.215104 0.147222
0 0.105990 0.431481 0.071354 0.050000
0 0.513281 0.597222 0.108854 0.111111
0 0.245312 0.835185 0.180208 0.129630
0 0.627083 0.519444 0.128125 0.146296
0 0.854167 0.580556 0.107292 0.100000