0 0.470052 0.471296 0.122396 0.083333
0 0.060677 0.373148 0.046354 0.033333
0 0.098437 0.269907 0.056250 0.069444
0 0.079948 0.312963 0.088021 0.087037
0 0.075781 0.257870 0.044271 0.045370
0 0.076302 0.232407 0.029687 0.035185
0 0.074479 0.204167 0.028125 0.039815
0 0.116927 0.747222 0.216146 0.159259
0 0.083073 0.956944 0.215104 0.147222
0 0.098177 0.425000 0.068229 0.048148
0 0.485677 0.593519 0.108854 0.111111
0 0.163021 0.834259 0.180208 0.129630
0 0.583854 0.523148 0.128125 0.146296
0 0.825000 0.583796 0.112500 0.104630