0 0.470052 0.471296 0.122396 0.083333
0 0.060156 0.373148 0.046354 0.033333
0 0.096875 0.269907 0.056250 0.069444
0 0.079948 0.313889 0.088021 0.087037
0 0.075260 0.256944 0.044271 0.045370
0 0.076563 0.231944 0.028125 0.034259
0 0.073958 0.203241 0.028125 0.039815
0 0.116406 0.747222 0.216146 0.159259
0 0.083594 0.956019 0.215104 0.147222
0 0.097656 0.425926 0.068229 0.048148
0 0.483594 0.594444 0.108854 0.111111
0 0.162500 0.832870 0.171875 0.123148
0 0.582292 0.520370 0.128125 0.146296
0 0.825000 0.584722 0.112500 0.104630