0 0.470052 0.471296 0.122396 0.083333
0 0.060156 0.371296 0.046354 0.033333
0 0.097396 0.269907 0.056250 0.069444
0 0.079427 0.314815 0.088021 0.087037
0 0.075781 0.256944 0.042188 0.043519
0 0.077083 0.231019 0.028125 0.034259
0 0.074479 0.202315 0.028125 0.039815
0 0.116406 0.747222 0.216146 0.159259
0 0.082552 0.956944 0.215104 0.147222
0 0.097656 0.425926 0.068229 0.048148
0 0.484115 0.594444 0.108854 0.111111
0 0.161458 0.831944 0.171875 0.123148
0 0.584896 0.520370 0.134375 0.153704
0 0.825521 0.584722 0.112500 0.104630