0 0.470052 0.470370 0.122396 0.083333
0 0.059635 0.370370 0.046354 0.033333
0 0.097396 0.264352 0.056250 0.069444
0 0.079427 0.312037 0.088021 0.087037
0 0.076302 0.256019 0.042188 0.043519
0 0.076563 0.231019 0.028125 0.034259
0 0.072917 0.200463 0.028125 0.039815
0 0.115365 0.746296 0.216146 0.159259
0 0.082031 0.956019 0.215104 0.147222
0 0.092969 0.421296 0.068229 0.048148
0 0.469010 0.592593 0.108854 0.111111
0 0.120833 0.833796 0.171875 0.123148
0 0.565104 0.521296 0.128125 0.146296
0 0.812500 0.585648 0.112500 0.104630