0 0.469531 0.469444 0.122396 0.083333
0 0.059635 0.370370 0.046354 0.033333
0 0.097396 0.265278 0.056250 0.069444
0 0.079687 0.313426 0.092708 0.091667
0 0.076302 0.255093 0.044271 0.045370
0 0.077604 0.231019 0.028125 0.034259
0 0.072135 0.202315 0.026562 0.037963
0 0.115365 0.750926 0.226562 0.166667
0 0.079948 0.956944 0.215104 0.147222
0 0.092969 0.420370 0.068229 0.048148
0 0.469010 0.590741 0.108854 0.111111
0 0.117708 0.834259 0.180208 0.129630
0 0.565104 0.524074 0.121875 0.138889
0 0.811458 0.587500 0.112500 0.104630