0 0.470052 0.470370 0.122396 0.083333
0 0.059635 0.366667 0.044271 0.031481
0 0.097917 0.265278 0.056250 0.069444
0 0.079948 0.308333 0.088021 0.087037
0 0.075781 0.254167 0.044271 0.045370
0 0.077083 0.228241 0.028125 0.034259
0 0.071094 0.201389 0.025521 0.036111
0 0.117448 0.749537 0.238021 0.175000
0 0.082552 0.955556 0.204687 0.140741
0 0.088802 0.416204 0.065104 0.045370
0 0.455469 0.588889 0.108854 0.111111
0 0.090104 0.820833 0.171875 0.123148
0 0.542708 0.518519 0.121875 0.138889
0 0.797917 0.589352 0.112500 0.104630