0 0.469531 0.471296 0.122396 0.083333
0 0.059115 0.366667 0.044271 0.031481
0 0.098437 0.261574 0.056250 0.069444
0 0.079427 0.306481 0.088021 0.087037
0 0.075781 0.250463 0.044271 0.045370
0 0.076042 0.228241 0.028125 0.034259
0 0.070052 0.200463 0.025521 0.036111
0 0.116927 0.748148 0.226562 0.166667
0 0.083073 0.954630 0.204687 0.140741
0 0.086719 0.415278 0.065104 0.045370
0 0.442448 0.587037 0.108854 0.111111
0 0.126562 0.832407 0.180208 0.129630
0 0.521875 0.518519 0.121875 0.138889
0 0.783333 0.590278 0.112500 0.104630