0 0.469010 0.471296 0.122396 0.083333
0 0.059115 0.364815 0.044271 0.031481
0 0.096354 0.262500 0.056250 0.069444
0 0.078906 0.305556 0.088021 0.087037
0 0.076302 0.250463 0.042188 0.043519
0 0.076563 0.228241 0.028125 0.034259
0 0.070573 0.201389 0.025521 0.036111
0 0.116927 0.747222 0.216146 0.159259
0 0.083594 0.952778 0.204687 0.140741
0 0.085677 0.413426 0.065104 0.045370
0 0.440885 0.587037 0.108854 0.111111
0 0.127604 0.835185 0.180208 0.129630
0 0.522917 0.518519 0.121875 0.138889
0 0.782813 0.589352 0.112500 0.104630