0 0.469010 0.472222 0.122396 0.083333
0 0.059115 0.363889 0.044271 0.031481
0 0.096354 0.261574 0.056250 0.069444
0 0.079948 0.307407 0.088021 0.087037
0 0.075781 0.251389 0.042188 0.043519
0 0.076563 0.229167 0.028125 0.034259
0 0.070573 0.199537 0.025521 0.036111
0 0.116927 0.747222 0.216146 0.159259
0 0.084115 0.950000 0.204687 0.140741
0 0.086719 0.413426 0.065104 0.045370
0 0.440885 0.585185 0.108854 0.111111
0 0.132292 0.833333 0.180208 0.129630
0 0.523177 0.520833 0.116146 0.132407
0 0.782813 0.589352 0.112500 0.104630