0 0.470573 0.470370 0.122396 0.083333
0 0.061458 0.261111 0.053125 0.037037
0 0.095312 0.203241 0.039583 0.049074
0 0.085417 0.241204 0.096875 0.095370
0 0.065104 0.199074 0.027083 0.027778
0 0.063021 0.198148 0.029167 0.035185
0 0.049740 0.288889 0.055729 0.038889
0 0.086198 0.400926 0.054688 0.057407
0 0.207292 0.490278 0.059375 0.054630
0 0.602865 0.535185 0.123438 0.114815
0 0.106510 0.282407 0.057813 0.048148
0 0.559375 0.599074 0.105208 0.100000
0 0.625000 0.836111 0.203125 0.140741
0 0.892969 0.519907 0.094271 0.097222