0 0.470052 0.467593 0.122396 0.083333
0 0.061979 0.262037 0.053125 0.037037
0 0.095833 0.204167 0.039583 0.049074
0 0.085938 0.240278 0.096875 0.095370
0 0.065104 0.200000 0.027083 0.027778
0 0.063542 0.198148 0.029167 0.035185
0 0.050000 0.287963 0.058333 0.040741
0 0.087240 0.399074 0.054688 0.057407
0 0.207813 0.490278 0.059375 0.054630
0 0.603385 0.536111 0.123438 0.114815
0 0.105990 0.280556 0.057813 0.048148
0 0.559375 0.599074 0.105208 0.100000
0 0.623958 0.836111 0.203125 0.140741
0 0.892969 0.519907 0.094271 0.097222