0 0.470052 0.468519 0.122396 0.083333
0 0.062500 0.260185 0.053125 0.037037
0 0.094792 0.203241 0.039583 0.049074
0 0.085938 0.239352 0.096875 0.095370
0 0.064062 0.198148 0.027083 0.027778
0 0.064062 0.198148 0.029167 0.035185
0 0.050521 0.286111 0.058333 0.040741
0 0.083333 0.395833 0.052083 0.054630
0 0.198437 0.486574 0.059375 0.054630
0 0.590885 0.536111 0.123438 0.114815
0 0.105990 0.277778 0.057813 0.048148
0 0.541146 0.597222 0.105208 0.100000
0 0.594271 0.833333 0.213542 0.148148
0 0.885156 0.521759 0.094271 0.097222