0 0.470052 0.468519 0.122396 0.083333
0 0.061979 0.258333 0.053125 0.037037
0 0.094792 0.203241 0.039583 0.049074
0 0.085938 0.238426 0.096875 0.095370
0 0.063542 0.200000 0.027083 0.027778
0 0.064062 0.198148 0.029167 0.035185
0 0.050000 0.284259 0.058333 0.040741
0 0.079427 0.391667 0.054688 0.057407
0 0.190625 0.483796 0.059375 0.054630
0 0.578906 0.538889 0.123438 0.114815
0 0.106510 0.274074 0.057813 0.048148
0 0.523958 0.597222 0.105208 0.100000
0 0.565625 0.836111 0.213542 0.148148
0 0.877344 0.524537 0.094271 0.097222