0 0.470052 0.468519 0.122396 0.083333
0 0.062240 0.258333 0.055729 0.038889
0 0.094271 0.203241 0.039583 0.049074
0 0.086458 0.238426 0.096875 0.095370
0 0.063021 0.199074 0.027083 0.027778
0 0.064062 0.198148 0.029167 0.035185
0 0.051042 0.282407 0.058333 0.040741
0 0.080208 0.392130 0.052083 0.054630
0 0.191406 0.481481 0.056771 0.051852
0 0.575781 0.538889 0.123438 0.114815
0 0.107031 0.274074 0.057813 0.048148
0 0.523438 0.597222 0.105208 0.100000
0 0.561979 0.835185 0.213542 0.148148
0 0.876823 0.525463 0.094271 0.097222