0 0.470573 0.469444 0.122396 0.083333
0 0.061979 0.256481 0.053125 0.037037
0 0.094531 0.201852 0.038021 0.046296
0 0.086458 0.237500 0.096875 0.095370
0 0.063021 0.199074 0.027083 0.027778
0 0.064062 0.197222 0.029167 0.035185
0 0.050000 0.281481 0.058333 0.040741
0 0.079687 0.388426 0.052083 0.054630
0 0.184375 0.479630 0.054167 0.050000
0 0.566406 0.537037 0.123438 0.114815
0 0.107552 0.270370 0.057813 0.048148
0 0.506771 0.595370 0.105208 0.100000
0 0.532813 0.836111 0.213542 0.148148
0 0.868229 0.528241 0.098958 0.102778