0 0.470573 0.470370 0.122396 0.083333
0 0.060677 0.253704 0.058854 0.040741
0 0.092448 0.201852 0.035937 0.044444
0 0.088021 0.235648 0.096875 0.095370
0 0.062760 0.200000 0.025521 0.025926
0 0.064583 0.198611 0.028125 0.034259
0 0.051042 0.279630 0.058333 0.040741
0 0.076042 0.383796 0.052083 0.054630
0 0.176823 0.474537 0.051562 0.047222
0 0.553906 0.538889 0.123438 0.114815
0 0.107552 0.267593 0.057813 0.048148
0 0.488021 0.590741 0.105208 0.100000
0 0.506250 0.837963 0.203125 0.140741
0 0.858333 0.531019 0.098958 0.102778