0 0.469531 0.468519 0.122396 0.083333
0 0.059635 0.199074 0.055729 0.038889
0 0.083854 0.189352 0.092708 0.091667
0 0.058594 0.191667 0.021354 0.025926
0 0.055208 0.210185 0.061458 0.042593
0 0.070312 0.249074 0.033333 0.035185
0 0.077344 0.298611 0.032813 0.037963
0 0.138281 0.389352 0.065104 0.060185
0 0.096094 0.186111 0.041146 0.033333
0 0.246875 0.491204 0.085417 0.087963
0 0.489323 0.545370 0.126562 0.179630
0 0.064583 0.373611 0.067708 0.065741
0 0.715885 0.610185 0.134896 0.129630
0 0.879185 0.578519 0.119748 0.100840