0 0.471094 0.463889 0.122396 0.083333
0 0.060156 0.199074 0.055729 0.038889
0 0.083854 0.190278 0.092708 0.091667
0 0.058594 0.191204 0.022396 0.026852
0 0.054688 0.210185 0.061458 0.042593
0 0.070052 0.249074 0.031771 0.033333
0 0.077083 0.293981 0.031250 0.036111
0 0.137240 0.384722 0.065104 0.060185
0 0.095052 0.186111 0.041146 0.033333
0 0.235417 0.486574 0.085417 0.087963
0 0.471094 0.542130 0.120313 0.171296
0 0.062500 0.370833 0.064583 0.062037
0 0.701823 0.609259 0.134896 0.129630
0 0.869010 0.578704 0.119271 0.100000