0 0.471354 0.466667 0.128125 0.087037
0 0.060937 0.198148 0.058333 0.040741
0 0.084375 0.190278 0.092708 0.091667
0 0.059635 0.190278 0.022396 0.026852
0 0.054688 0.208796 0.058333 0.039815
0 0.072396 0.245370 0.030208 0.031481
0 0.078646 0.291204 0.031250 0.036111
0 0.130469 0.375926 0.068229 0.062963
0 0.092448 0.184259 0.043229 0.035185
0 0.216146 0.481481 0.077083 0.079630
0 0.443229 0.532407 0.114583 0.162963
0 0.060937 0.363426 0.064583 0.062037
0 0.670052 0.611111 0.134896 0.129630
0 0.848698 0.585185 0.119271 0.100000