0 0.470833 0.468519 0.128125 0.087037
0 0.060417 0.198148 0.058333 0.040741
0 0.084375 0.189352 0.092708 0.091667
0 0.059896 0.190278 0.023958 0.028704
0 0.054688 0.207870 0.058333 0.039815
0 0.072135 0.245370 0.028646 0.029630
0 0.078646 0.289352 0.031250 0.036111
0 0.131510 0.375926 0.068229 0.062963
0 0.092448 0.183333 0.043229 0.035185
0 0.215625 0.481481 0.077083 0.079630
0 0.442188 0.532407 0.114583 0.162963
0 0.061979 0.364352 0.064583 0.062037
0 0.669531 0.610185 0.134896 0.129630
0 0.847656 0.587963 0.119271 0.100000