0 0.469531 0.470370 0.122396 0.083333
0 0.089583 0.429167 0.065625 0.047222
0 0.099479 0.316204 0.059375 0.073148
0 0.085417 0.362500 0.092708 0.091667
0 0.077604 0.290278 0.048958 0.050926
0 0.076042 0.258796 0.034375 0.041667
0 0.083594 0.223148 0.029687 0.042593
0 0.110417 0.199074 0.018750 0.020370
0 0.060677 0.188889 0.019271 0.037037
0 0.115885 0.747222 0.216146 0.159259
0 0.070052 0.948148 0.185938 0.127778
0 0.207031 0.500926 0.105729 0.074074
0 0.744010 0.598148 0.108854 0.111111
0 0.852400 0.844625 0.163866 0.117647
0 0.891002 0.487482 0.105567 0.120448