0 0.470573 0.471296 0.122396 0.083333
0 0.083333 0.421296 0.056250 0.040741
0 0.097917 0.307870 0.059375 0.073148
0 0.082292 0.356019 0.092708 0.091667
0 0.076823 0.286111 0.046354 0.048148
0 0.076563 0.256019 0.034375 0.041667
0 0.083073 0.220370 0.029687 0.042593
0 0.107031 0.195833 0.019271 0.021296
0 0.115365 0.747222 0.216146 0.159259
0 0.080990 0.957407 0.185938 0.127778
0 0.189323 0.491204 0.091146 0.063889
0 0.713802 0.599074 0.108854 0.111111
0 0.773958 0.843981 0.171875 0.123148
0 0.867188 0.493519 0.105208 0.120370