0 0.470573 0.471296 0.122396 0.083333
0 0.079167 0.416667 0.056250 0.040741
0 0.097396 0.306944 0.059375 0.073148
0 0.082292 0.352315 0.092708 0.091667
0 0.076302 0.283333 0.046354 0.048148
0 0.077083 0.254167 0.034375 0.041667
0 0.082812 0.218981 0.028125 0.039815
0 0.107292 0.196296 0.018750 0.020370
0 0.115885 0.743981 0.205729 0.150926
0 0.080990 0.958333 0.185938 0.127778
0 0.180469 0.485648 0.091146 0.063889
0 0.699219 0.601852 0.108854 0.111111
0 0.729167 0.844907 0.189583 0.136111
0 0.855208 0.497222 0.105208 0.120370