0 0.470052 0.473148 0.122396 0.083333
0 0.072656 0.404167 0.053646 0.037963
0 0.096875 0.297685 0.059375 0.073148
0 0.081250 0.343981 0.092708 0.091667
0 0.076823 0.277778 0.046354 0.048148
0 0.077604 0.250463 0.034375 0.041667
0 0.082552 0.215741 0.029687 0.042593
0 0.102604 0.192593 0.018750 0.020370
0 0.116927 0.750000 0.216146 0.159259
0 0.080990 0.959259 0.185938 0.127778
0 0.159115 0.471759 0.082812 0.058333
0 0.653385 0.603704 0.114062 0.116667
0 0.613021 0.835648 0.171875 0.123148
0 0.805729 0.506481 0.105208 0.120370