0 0.470052 0.473148 0.122396 0.083333
0 0.070052 0.399537 0.053646 0.037963
0 0.096875 0.293056 0.059375 0.073148
0 0.080208 0.342130 0.092708 0.091667
0 0.076302 0.275000 0.046354 0.048148
0 0.078125 0.247685 0.034375 0.041667
0 0.080729 0.214352 0.028125 0.039815
0 0.100521 0.190741 0.018750 0.020370
0 0.116406 0.747222 0.216146 0.159259
0 0.081510 0.957407 0.185938 0.127778
0 0.150781 0.468056 0.082812 0.058333
0 0.637760 0.602778 0.108854 0.111111
0 0.573958 0.834722 0.163542 0.117593
0 0.787500 0.509259 0.105208 0.120370