0 0.469531 0.473148 0.122396 0.083333
0 0.069531 0.401389 0.053646 0.037963
0 0.096354 0.293981 0.056250 0.069444
0 0.080729 0.343981 0.092708 0.091667
0 0.076823 0.275926 0.046354 0.048148
0 0.077604 0.247685 0.034375 0.041667
0 0.080729 0.212500 0.028125 0.039815
0 0.101042 0.192593 0.018750 0.020370
0 0.115885 0.747222 0.216146 0.159259
0 0.082552 0.956481 0.185938 0.127778
0 0.150260 0.468056 0.082812 0.058333
0 0.637240 0.603704 0.108854 0.111111
0 0.572917 0.834722 0.163542 0.117593
0 0.787500 0.510185 0.105208 0.120370