0 0.469531 0.473148 0.122396 0.083333
0 0.069010 0.397685 0.053646 0.037963
0 0.097396 0.292130 0.056250 0.069444
0 0.081250 0.341204 0.092708 0.091667
0 0.076302 0.275000 0.046354 0.048148
0 0.077604 0.246759 0.034375 0.041667
0 0.080469 0.212037 0.029687 0.042593
0 0.099219 0.190278 0.019271 0.021296
0 0.116406 0.750000 0.226562 0.166667
0 0.082812 0.955556 0.194792 0.133333
0 0.145052 0.464352 0.082812 0.058333
0 0.622135 0.600926 0.108854 0.111111
0 0.536719 0.833796 0.155729 0.112037
0 0.773958 0.511111 0.105208 0.120370