0 0.469531 0.470370 0.122396 0.083333
0 0.067448 0.394907 0.053646 0.037963
0 0.097396 0.290278 0.056250 0.069444
0 0.080729 0.338426 0.092708 0.091667
0 0.076302 0.272222 0.046354 0.048148
0 0.077604 0.244907 0.034375 0.041667
0 0.080469 0.210185 0.029687 0.042593
0 0.097917 0.189815 0.018750 0.020370
0 0.116406 0.750926 0.226562 0.166667
0 0.080990 0.959259 0.204687 0.140741
0 0.138542 0.459259 0.079167 0.055556
0 0.605990 0.601852 0.108854 0.111111
0 0.496094 0.836574 0.155729 0.112037
0 0.752604 0.513889 0.110417 0.125926