0 0.469531 0.470370 0.122396 0.083333
0 0.065885 0.391204 0.053646 0.037963
0 0.096875 0.285648 0.056250 0.069444
0 0.080729 0.335648 0.092708 0.091667
0 0.075781 0.270370 0.046354 0.048148
0 0.077604 0.243056 0.034375 0.041667
0 0.079427 0.209259 0.029687 0.042593
0 0.096354 0.189815 0.018750 0.020370
0 0.115885 0.749074 0.226562 0.166667
0 0.080990 0.955556 0.204687 0.140741
0 0.132812 0.454630 0.079167 0.055556
0 0.591927 0.603704 0.108854 0.111111
0 0.457552 0.834722 0.155729 0.112037
0 0.738021 0.516667 0.110417 0.125926