0 0.469010 0.470370 0.122396 0.083333
0 0.064323 0.389352 0.053646 0.037963
0 0.096354 0.284722 0.056250 0.069444
0 0.080729 0.331944 0.092708 0.091667
0 0.076823 0.265741 0.046354 0.048148
0 0.077083 0.240278 0.034375 0.041667
0 0.078906 0.208333 0.029687 0.042593
0 0.094792 0.189815 0.018750 0.020370
0 0.116406 0.748148 0.216146 0.159259
0 0.079427 0.955556 0.204687 0.140741
0 0.127604 0.450000 0.079167 0.055556
0 0.576823 0.603704 0.108854 0.111111
0 0.415625 0.831944 0.163542 0.117593
0 0.718750 0.521296 0.110417 0.125926