0 0.470052 0.471296 0.122396 0.083333
0 0.064062 0.388426 0.051042 0.036111
0 0.097396 0.282870 0.056250 0.069444
0 0.080729 0.331019 0.092708 0.091667
0 0.076302 0.266667 0.046354 0.048148
0 0.077083 0.239352 0.034375 0.041667
0 0.078906 0.209259 0.029687 0.042593
0 0.094792 0.188889 0.018750 0.020370
0 0.116406 0.750000 0.226562 0.166667
0 0.078906 0.956481 0.204687 0.140741
0 0.126042 0.450000 0.079167 0.055556
0 0.575781 0.600926 0.108854 0.111111
0 0.413021 0.831019 0.163542 0.117593
0 0.712760 0.516204 0.116146 0.132407