0 0.469531 0.470370 0.122396 0.083333
0 0.062760 0.385185 0.042188 0.029630
0 0.096354 0.281019 0.056250 0.069444
0 0.080729 0.329167 0.092708 0.091667
0 0.076302 0.265741 0.046354 0.048148
0 0.077604 0.238889 0.032292 0.038889
0 0.077604 0.208796 0.028125 0.039815
0 0.092708 0.187037 0.017708 0.018519
0 0.115885 0.748148 0.226562 0.166667
0 0.078385 0.957407 0.204687 0.140741
0 0.121354 0.446296 0.079167 0.055556
0 0.560677 0.601852 0.108854 0.111111
0 0.371354 0.829167 0.163542 0.117593
0 0.691406 0.517130 0.116146 0.132407