0 0.470052 0.471296 0.122396 0.083333
0 0.062240 0.382407 0.042188 0.029630
0 0.096354 0.278241 0.056250 0.069444
0 0.080208 0.325463 0.092708 0.091667
0 0.075781 0.263426 0.044271 0.045370
0 0.076823 0.237963 0.030729 0.037037
0 0.077083 0.206019 0.028125 0.039815
0 0.090625 0.186574 0.016667 0.017593
0 0.116406 0.748148 0.226562 0.166667
0 0.079948 0.955093 0.215104 0.147222
0 0.115625 0.442593 0.079167 0.055556
0 0.545052 0.601852 0.108854 0.111111
0 0.331771 0.829167 0.163542 0.117593
0 0.671094 0.516204 0.116146 0.132407
0 0.879973 0.575718 0.102416 0.095238