0 0.470052 0.472222 0.122396 0.083333
0 0.061719 0.374074 0.046354 0.033333
0 0.097917 0.271759 0.059375 0.073148
0 0.078906 0.315741 0.088021 0.087037
0 0.075781 0.258796 0.042188 0.043519
0 0.077344 0.232407 0.029687 0.035185
0 0.075521 0.204167 0.028125 0.039815
0 0.084375 0.184259 0.017708 0.018519
0 0.117448 0.747222 0.216146 0.159259
0 0.081510 0.960648 0.215104 0.147222
0 0.101302 0.429630 0.068229 0.048148
0 0.501302 0.596296 0.108854 0.111111
0 0.204167 0.835185 0.180208 0.129630
0 0.608854 0.523148 0.128125 0.146296
0 0.841667 0.581944 0.112500 0.104630