0 0.469010 0.471296 0.122396 0.083333
0 0.059635 0.369444 0.046354 0.033333
0 0.097917 0.263426 0.056250 0.069444
0 0.079687 0.308796 0.092708 0.091667
0 0.075781 0.254167 0.044271 0.045370
0 0.076563 0.230093 0.028125 0.034259
0 0.071094 0.201389 0.025521 0.036111
0 0.115365 0.748148 0.226562 0.166667
0 0.079948 0.959259 0.204687 0.140741
0 0.089323 0.417593 0.068229 0.048148
0 0.454948 0.588889 0.108854 0.111111
0 0.084375 0.826852 0.180208 0.129630
0 0.544010 0.519907 0.116146 0.132407
0 0.797917 0.588426 0.112500 0.104630