0 0.470052 0.471296 0.122396 0.083333
0 0.059635 0.368519 0.046354 0.033333
0 0.097917 0.264352 0.056250 0.069444
0 0.080208 0.310648 0.092708 0.091667
0 0.075781 0.253241 0.044271 0.045370
0 0.076563 0.229167 0.028125 0.034259
0 0.071094 0.200463 0.025521 0.036111
0 0.117448 0.748611 0.238021 0.175000
0 0.081510 0.958333 0.204687 0.140741
0 0.088802 0.418519 0.068229 0.048148
0 0.455469 0.589815 0.108854 0.111111
0 0.085417 0.824074 0.180208 0.129630
0 0.544010 0.521759 0.116146 0.132407
0 0.797396 0.588426 0.112500 0.104630