0 0.470573 0.470370 0.122396 0.083333
0 0.061458 0.261111 0.053125 0.037037
0 0.096354 0.204167 0.039583 0.049074
0 0.086458 0.239352 0.092708 0.091667
0 0.064583 0.200000 0.027083 0.027778
0 0.063542 0.200000 0.029167 0.035185
0 0.050260 0.288889 0.055729 0.038889
0 0.085677 0.400000 0.054688 0.057407
0 0.207813 0.492130 0.059375 0.054630
0 0.604948 0.535185 0.123438 0.114815
0 0.106510 0.282407 0.057813 0.048148
0 0.559896 0.600000 0.105208 0.100000
0 0.623958 0.837037 0.213542 0.148148
0 0.893366 0.521096 0.094538 0.098039