0 0.470573 0.469444 0.122396 0.083333
0 0.062240 0.258333 0.055729 0.038889
0 0.094531 0.201852 0.038021 0.046296
0 0.086979 0.236574 0.096875 0.095370
0 0.062500 0.199074 0.027083 0.027778
0 0.063542 0.197222 0.029167 0.035185
0 0.051562 0.282407 0.058333 0.040741
0 0.078646 0.388426 0.052083 0.054630
0 0.184375 0.478704 0.054167 0.050000
0 0.564844 0.537963 0.123438 0.114815
0 0.107552 0.270370 0.057813 0.048148
0 0.505729 0.593519 0.105208 0.100000
0 0.533333 0.834259 0.203125 0.140741
0 0.867188 0.528241 0.098958 0.102778