0 0.470573 0.470370 0.122396 0.083333
0 0.062240 0.255556 0.055729 0.038889
0 0.092969 0.200926 0.038021 0.046296
0 0.087500 0.235648 0.096875 0.095370
0 0.062760 0.200000 0.025521 0.025926
0 0.064062 0.198611 0.028125 0.034259
0 0.051042 0.279630 0.058333 0.040741
0 0.076042 0.383796 0.052083 0.054630
0 0.177344 0.475463 0.051562 0.047222
0 0.553385 0.537963 0.123438 0.114815
0 0.107552 0.266667 0.057813 0.048148
0 0.486979 0.591667 0.105208 0.100000
0 0.509896 0.837963 0.203125 0.140741
0 0.858854 0.531019 0.098958 0.102778