0 0.470573 0.470370 0.122396 0.083333
0 0.061198 0.254630 0.058854 0.040741
0 0.093490 0.200000 0.038021 0.046296
0 0.086979 0.235648 0.096875 0.095370
0 0.062760 0.200926 0.025521 0.025926
0 0.064062 0.197685 0.028125 0.034259
0 0.051042 0.277778 0.058333 0.040741
0 0.076563 0.383796 0.052083 0.054630
0 0.176823 0.474537 0.051562 0.047222
0 0.552865 0.538889 0.123438 0.114815
0 0.107552 0.265741 0.057813 0.048148
0 0.486979 0.592593 0.105208 0.100000
0 0.508333 0.839815 0.203125 0.140741
0 0.857812 0.531019 0.098958 0.102778