0 0.470052 0.464815 0.122396 0.083333
0 0.059635 0.198148 0.055729 0.038889
0 0.084375 0.189352 0.092708 0.091667
0 0.058594 0.190741 0.021354 0.025926
0 0.055208 0.211111 0.061458 0.042593
0 0.070312 0.250000 0.033333 0.035185
0 0.077344 0.295833 0.032813 0.037963
0 0.136719 0.384722 0.065104 0.060185
0 0.094531 0.185185 0.041146 0.033333
0 0.235937 0.489352 0.085417 0.087963
0 0.477344 0.545370 0.126562 0.179630
0 0.063542 0.371759 0.067708 0.065741
0 0.701823 0.611111 0.134896 0.129630
0 0.870052 0.579630 0.119271 0.100000