0 0.469792 0.465741 0.128125 0.087037
0 0.059635 0.198148 0.055729 0.038889
0 0.084375 0.188426 0.092708 0.091667
0 0.058854 0.191204 0.023958 0.028704
0 0.055208 0.210185 0.061458 0.042593
0 0.070312 0.248148 0.030208 0.031481
0 0.078125 0.294907 0.031250 0.036111
0 0.136198 0.384722 0.065104 0.060185
0 0.094531 0.185185 0.041146 0.033333
0 0.235937 0.488889 0.081250 0.083333
0 0.472135 0.542130 0.120313 0.171296
0 0.063542 0.368981 0.064583 0.062037
0 0.701302 0.609259 0.134896 0.129630
0 0.869531 0.581481 0.119271 0.100000