0 0.470833 0.466667 0.128125 0.087037
0 0.061198 0.198148 0.055729 0.038889
0 0.083854 0.189352 0.092708 0.091667
0 0.059896 0.190278 0.023958 0.028704
0 0.055208 0.210185 0.061458 0.042593
0 0.071354 0.244444 0.030208 0.031481
0 0.078125 0.292130 0.031250 0.036111
0 0.130469 0.376852 0.068229 0.062963
0 0.091927 0.183333 0.043229 0.035185
0 0.217708 0.483333 0.077083 0.079630
0 0.447135 0.539352 0.120313 0.171296
0 0.060417 0.363426 0.064583 0.062037
0 0.671094 0.612037 0.134896 0.129630
0 0.849740 0.587963 0.119271 0.100000