0 0.471875 0.466667 0.128125 0.087037
0 0.060937 0.198148 0.058333 0.040741
0 0.083333 0.189352 0.092708 0.091667
0 0.059115 0.191204 0.022396 0.026852
0 0.055208 0.209722 0.058333 0.039815
0 0.072396 0.245370 0.030208 0.031481
0 0.078646 0.290278 0.031250 0.036111
0 0.130990 0.375926 0.068229 0.062963
0 0.092448 0.182407 0.043229 0.035185
0 0.216146 0.480556 0.077083 0.079630
0 0.441146 0.531481 0.114583 0.162963
0 0.060937 0.364352 0.064583 0.062037
0 0.669531 0.611111 0.134896 0.129630
0 0.847656 0.587037 0.119271 0.100000